[38;2;255;120;0m [38;2;255;120;0m [38;2;255;117;0m [38;2;255;115;0m [38;2;255;113;0m [38;2;255;111;0m [38;2;255;109;0m [38;2;255;106;0m [38;2;255;104;0m [38;2;255;102;0m [38;2;255;100;0m [38;2;255;98;0m [38;2;255;96;0m [38;2;255;93;0m [38;2;255;91;0m [38;2;255;89;0m [38;2;255;87;0m [38;2;255;85;0m [38;2;255;82;0m [38;2;255;80;0m-[38;2;255;78;0m`[0m
[38;2;255;120;0m [38;2;255;117;0m [38;2;255;115;0m [38;2;255;113;0m [38;2;255;111;0m [38;2;255;109;0m [38;2;255;106;0m [38;2;255;104;0m [38;2;255;102;0m [38;2;255;100;0m [38;2;255;98;0m [38;2;255;96;0m [38;2;255;93;0m [38;2;255;91;0m [38;2;255;89;0m [38;2;255;87;0m [38;2;255;85;0m [38;2;255;82;0m [38;2;255;80;0m.[38;2;255;78;0mo[38;2;255;76;0m+[38;2;255;74;0m`[0m
[38;2;255;117;0m [38;2;255;115;0m [38;2;255;113;0m [38;2;255;111;0m [38;2;255;109;0m [38;2;255;106;0m [38;2;255;104;0m [38;2;255;102;0m [38;2;255;100;0m [38;2;255;98;0m [38;2;255;96;0m [38;2;255;93;0m [38;2;255;91;0m [38;2;255;89;0m [38;2;255;87;0m [38;2;255;85;0m [38;2;255;82;0m [38;2;255;80;0m`[38;2;255;78;0mo[38;2;255;76;0mo[38;2;255;74;0mo[38;2;255;72;0m/[0m
[38;2;255;115;0m [38;2;255;113;0m [38;2;255;111;0m [38;2;255;109;0m [38;2;255;106;0m [38;2;255;104;0m [38;2;255;102;0m [38;2;255;100;0m [38;2;255;98;0m [38;2;255;96;0m [38;2;255;93;0m [38;2;255;91;0m [38;2;255;89;0m [38;2;255;87;0m [38;2;255;85;0m [38;2;255;82;0m [38;2;255;80;0m`[38;2;255;78;0m+[38;2;255;76;0mo[38;2;255;74;0mo[38;2;255;72;0mo[38;2;255;69;0mo[38;2;255;67;0m:[0m
[38;2;255;113;0m [38;2;255;111;0m [38;2;255;109;0m [38;2;255;106;0m [38;2;255;104;0m [38;2;255;102;0m [38;2;255;100;0m [38;2;255;98;0m [38;2;255;96;0m [38;2;255;93;0m [38;2;255;91;0m [38;2;255;89;0m [38;2;255;87;0m [38;2;255;85;0m [38;2;255;82;0m [38;2;255;80;0m`[38;2;255;78;0m+[38;2;255;76;0mo[38;2;255;74;0mo[38;2;255;72;0mo[38;2;255;69;0mo[38;2;255;67;0mo[38;2;255;65;0mo[38;2;255;63;0m:[0m
[38;2;255;111;0m [38;2;255;109;0m [38;2;255;106;0m [38;2;255;104;0m [38;2;255;102;0m [38;2;255;100;0m [38;2;255;98;0m [38;2;255;96;0m [38;2;255;93;0m [38;2;255;91;0m [38;2;255;89;0m [38;2;255;87;0m [38;2;255;85;0m [38;2;255;82;0m [38;2;255;80;0m [38;2;255;78;0m-[38;2;255;76;0m+[38;2;255;74;0mo[38;2;255;72;0mo[38;2;255;69;0mo[38;2;255;67;0mo[38;2;255;65;0mo[38;2;255;63;0mo[38;2;255;61;0m+[38;2;255;58;0m:[0m
[38;2;255;109;0m [38;2;255;106;0m [38;2;255;104;0m [38;2;255;102;0m [38;2;255;100;0m [38;2;255;98;0m [38;2;255;96;0m [38;2;255;93;0m [38;2;255;91;0m [38;2;255;89;0m [38;2;255;87;0m [38;2;255;85;0m [38;2;255;82;0m [38;2;255;80;0m`[38;2;255;78;0m/[38;2;255;76;0m:[38;2;255;74;0m-[38;2;255;72;0m:[38;2;255;69;0m+[38;2;255;67;0m+[38;2;255;65;0mo[38;2;255;63;0mo[38;2;255;61;0mo[38;2;255;58;0mo[38;2;255;56;0m+[38;2;255;54;0m:[0m
[38;2;255;106;0m [38;2;255;104;0m [38;2;255;102;0m [38;2;255;100;0m [38;2;255;98;0m [38;2;255;96;0m [38;2;255;93;0m [38;2;255;91;0m [38;2;255;89;0m [38;2;255;87;0m [38;2;255;85;0m [38;2;255;82;0m [38;2;255;80;0m`[38;2;255;78;0m/[38;2;255;76;0m+[38;2;255;74;0m+[38;2;255;72;0m+[38;2;255;69;0m+[38;2;255;67;0m/[38;2;255;65;0m+[38;2;255;63;0m+[38;2;255;61;0m+[38;2;255;58;0m+[38;2;255;56;0m+[38;2;255;54;0m+[38;2;255;52;0m+[38;2;255;50;0m:[0m
[38;2;255;104;0m [38;2;255;102;0m [38;2;255;100;0m [38;2;255;98;0m [38;2;255;96;0m [38;2;255;93;0m [38;2;255;91;0m [38;2;255;89;0m [38;2;255;87;0m [38;2;255;85;0m [38;2;255;82;0m [38;2;255;80;0m`[38;2;255;78;0m/[38;2;255;76;0m+[38;2;255;74;0m+[38;2;255;72;0m+[38;2;255;69;0m+[38;2;255;67;0m+[38;2;255;65;0m+[38;2;255;63;0m+[38;2;255;61;0m+[38;2;255;58;0m+[38;2;255;56;0m+[38;2;255;54;0m+[38;2;255;52;0m+[38;2;255;50;0m+[38;2;255;48;0m+[38;2;255;45;0m:[0m
[38;2;255;102;0m [38;2;255;100;0m [38;2;255;98;0m [38;2;255;96;0m [38;2;255;93;0m [38;2;255;91;0m [38;2;255;89;0m [38;2;255;87;0m [38;2;255;85;0m [38;2;255;82;0m [38;2;255;80;0m`[38;2;255;78;0m/[38;2;255;76;0m+[38;2;255;74;0m+[38;2;255;72;0m+[38;2;255;69;0mo[38;2;255;67;0mo[38;2;255;65;0mo[38;2;255;63;0mo[38;2;255;61;0mo[38;2;255;58;0mo[38;2;255;56;0mo[38;2;255;54;0mo[38;2;255;52;0mo[38;2;255;50;0mo[38;2;255;48;0mo[38;2;255;45;0mo[38;2;255;43;0mo[38;2;255;41;0m/[38;2;255;39;0m`[0m
[38;2;255;100;0m [38;2;255;98;0m [38;2;255;96;0m [38;2;255;93;0m [38;2;255;91;0m [38;2;255;89;0m [38;2;255;87;0m [38;2;255;85;0m [38;2;255;82;0m [38;2;255;80;0m.[38;2;255;78;0m/[38;2;255;76;0mo[38;2;255;74;0mo[38;2;255;72;0mo[38;2;255;69;0ms[38;2;255;67;0ms[38;2;255;65;0ms[38;2;255;63;0ms[38;2;255;61;0mo[38;2;255;58;0m+[38;2;255;56;0m+[38;2;255;54;0mo[38;2;255;52;0ms[38;2;255;50;0ms[38;2;255;48;0ms[38;2;255;45;0ms[38;2;255;43;0ms[38;2;255;41;0ms[38;2;255;39;0mo[38;2;255;37;0m+[38;2;255;34;0m`[0m
[38;2;255;98;0m [38;2;255;96;0m [38;2;255;93;0m [38;2;255;91;0m [38;2;255;89;0m [38;2;255;87;0m [38;2;255;85;0m [38;2;255;82;0m [38;2;255;80;0m.[38;2;255;78;0mo[38;2;255;76;0mo[38;2;255;74;0ms[38;2;255;72;0ms[38;2;255;69;0ms[38;2;255;67;0ms[38;2;255;65;0ms[38;2;255;63;0mo[38;2;255;61;0m-[38;2;255;58;0m`[38;2;255;56;0m`[38;2;255;54;0m`[38;2;255;52;0m`[38;2;255;50;0m/[38;2;255;48;0mo[38;2;255;45;0ms[38;2;255;43;0ms[38;2;255;41;0ms[38;2;255;39;0ms[38;2;255;37;0ms[38;2;255;34;0ms[38;2;255;32;0m+[38;2;255;30;0m`[0m
[38;2;255;96;0m [38;2;255;93;0m [38;2;255;91;0m [38;2;255;89;0m [38;2;255;87;0m [38;2;255;85;0m [38;2;255;82;0m [38;2;255;80;0m-[38;2;255;78;0mo[38;2;255;76;0ms[38;2;255;74;0ms[38;2;255;72;0ms[38;2;255;69;0ms[38;2;255;67;0ms[38;2;255;65;0ms[38;2;255;63;0mo[38;2;255;61;0m.[38;2;255;58;0m [38;2;255;56;0m [38;2;255;54;0m [38;2;255;52;0m [38;2;255;50;0m [38;2;255;48;0m [38;2;255;45;0m:[38;2;255;43;0ms[38;2;255;41;0ms[38;2;255;39;0ms[38;2;255;37;0ms[38;2;255;34;0ms[38;2;255;32;0ms[38;2;255;30;0ms[38;2;255;28;0mo[38;2;255;26;0m.[0m
[38;2;255;93;0m [38;2;255;91;0m [38;2;255;89;0m [38;2;255;87;0m [38;2;255;85;0m [38;2;255;82;0m [38;2;255;80;0m:[38;2;255;78;0mo[38;2;255;76;0ms[38;2;255;74;0ms[38;2;255;72;0ms[38;2;255;69;0ms[38;2;255;67;0ms[38;2;255;65;0ms[38;2;255;63;0ms[38;2;255;61;0m/[38;2;255;58;0m [38;2;255;56;0m [38;2;255;54;0m [38;2;255;52;0m [38;2;255;50;0m [38;2;255;48;0m [38;2;255;45;0m [38;2;255;43;0m [38;2;255;41;0mo[38;2;255;39;0ms[38;2;255;37;0ms[38;2;255;34;0ms[38;2;255;32;0ms[38;2;255;30;0mo[38;2;255;28;0m+[38;2;255;26;0m+[38;2;255;24;0m+[38;2;255;21;0m.[0m
[38;2;255;91;0m [38;2;255;89;0m [38;2;255;87;0m [38;2;255;85;0m [38;2;255;82;0m [38;2;255;80;0m/[38;2;255;78;0mo[38;2;255;76;0ms[38;2;255;74;0ms[38;2;255;72;0ms[38;2;255;69;0ms[38;2;255;67;0ms[38;2;255;65;0ms[38;2;255;63;0ms[38;2;255;61;0ms[38;2;255;58;0m/[38;2;255;56;0m [38;2;255;54;0m [38;2;255;52;0m [38;2;255;50;0m [38;2;255;48;0m [38;2;255;45;0m [38;2;255;43;0m [38;2;255;41;0m [38;2;255;39;0m+[38;2;255;37;0ms[38;2;255;34;0ms[38;2;255;32;0ms[38;2;255;30;0ms[38;2;255;28;0mo[38;2;255;26;0mo[38;2;255;24;0mo[38;2;255;21;0m/[38;2;255;19;0m-[0m
[38;2;255;89;0m [38;2;255;87;0m [38;2;255;85;0m [38;2;255;82;0m`[38;2;255;80;0m/[38;2;255;78;0mo[38;2;255;76;0ms[38;2;255;74;0ms[38;2;255;72;0ms[38;2;255;69;0ms[38;2;255;67;0ms[38;2;255;65;0mo[38;2;255;63;0m+[38;2;255;61;0m/[38;2;255;58;0m:[38;2;255;56;0m-[38;2;255;54;0m [38;2;255;52;0m [38;2;255;50;0m [38;2;255;48;0m [38;2;255;45;0m [38;2;255;43;0m [38;2;255;41;0m [38;2;255;39;0m [38;2;255;37;0m-[38;2;255;34;0m:[38;2;255;32;0m/[38;2;255;30;0m+[38;2;255;28;0mo[38;2;255;26;0ms[38;2;255;24;0ms[38;2;255;21;0ms[38;2;255;19;0ms[38;2;255;17;0mo[38;2;255;15;0m+[38;2;255;13;0m-[0m
[38;2;255;87;0m [38;2;255;85;0m [38;2;255;82;0m`[38;2;255;80;0m+[38;2;255;78;0ms[38;2;255;76;0ms[38;2;255;74;0mo[38;2;255;72;0m+[38;2;255;69;0m:[38;2;255;67;0m-[38;2;255;65;0m`[38;2;255;63;0m [38;2;255;61;0m [38;2;255;58;0m [38;2;255;56;0m [38;2;255;54;0m [38;2;255;52;0m [38;2;255;50;0m [38;2;255;48;0m [38;2;255;45;0m [38;2;255;43;0m [38;2;255;41;0m [38;2;255;39;0m [38;2;255;37;0m [38;2;255;34;0m [38;2;255;32;0m [38;2;255;30;0m [38;2;255;28;0m [38;2;255;26;0m`[38;2;255;24;0m.[38;2;255;21;0m-[38;2;255;19;0m/[38;2;255;17;0m+[38;2;255;15;0mo[38;2;255;13;0ms[38;2;255;10;0mo[38;2;255;8;0m:[0m
[38;2;255;85;0m [38;2;255;82;0m`[38;2;255;80;0m+[38;2;255;78;0m+[38;2;255;76;0m:[38;2;255;74;0m.[38;2;255;72;0m [38;2;255;69;0m [38;2;255;67;0m [38;2;255;65;0m [38;2;255;63;0m [38;2;255;61;0m [38;2;255;58;0m [38;2;255;56;0m [38;2;255;54;0m [38;2;255;52;0m [38;2;255;50;0m [38;2;255;48;0m [38;2;255;45;0m [38;2;255;43;0m [38;2;255;41;0m [38;2;255;39;0m [38;2;255;37;0m [38;2;255;34;0m [38;2;255;32;0m [38;2;255;30;0m [38;2;255;28;0m [38;2;255;26;0m [38;2;255;24;0m [38;2;255;21;0m [38;2;255;19;0m [38;2;255;17;0m [38;2;255;15;0m [38;2;255;13;0m`[38;2;255;10;0m-[38;2;255;8;0m/[38;2;255;6;0m+[38;2;255;4;0m/[0m
[38;2;255;82;0m [38;2;255;80;0m.[38;2;255;78;0m`[38;2;255;76;0m [38;2;255;74;0m [38;2;255;72;0m [38;2;255;69;0m [38;2;255;67;0m [38;2;255;65;0m [38;2;255;63;0m [38;2;255;61;0m [38;2;255;58;0m [38;2;255;56;0m [38;2;255;54;0m [38;2;255;52;0m [38;2;255;50;0m [38;2;255;48;0m [38;2;255;45;0m [38;2;255;43;0m [38;2;255;41;0m [38;2;255;39;0m [38;2;255;37;0m [38;2;255;34;0m [38;2;255;32;0m [38;2;255;30;0m [38;2;255;28;0m [38;2;255;26;0m [38;2;255;24;0m [38;2;255;21;0m [38;2;255;19;0m [38;2;255;17;0m [38;2;255;15;0m [38;2;255;13;0m [38;2;255;10;0m [38;2;255;8;0m [38;2;255;6;0m [38;2;255;4;0m`[38;2;255;2;0m/[0m
