[38;2;255;120;0m█[38;2;255;120;0m█[38;2;255;118;0m█[38;2;255;116;0m█[38;2;255;114;0m█[38;2;255;113;0m█[38;2;255;111;0m╗[38;2;255;109;0m [38;2;255;108;0m [38;2;255;106;0m█[38;2;255;104;0m█[38;2;255;103;0m█[38;2;255;101;0m█[38;2;255;99;0m█[38;2;255;98;0m█[38;2;255;96;0m╗[38;2;255;94;0m [38;2;255;92;0m█[38;2;255;91;0m█[38;2;255;89;0m╗[38;2;255;87;0m [38;2;255;86;0m [38;2;255;84;0m [38;2;255;82;0m█[38;2;255;81;0m█[38;2;255;79;0m╗[38;2;255;77;0m█[38;2;255;76;0m█[38;2;255;74;0m█[38;2;255;72;0m█[38;2;255;70;0m█[38;2;255;69;0m█[38;2;255;67;0m█[38;2;255;65;0m█[38;2;255;64;0m╗[38;2;255;62;0m█[38;2;255;60;0m█[38;2;255;59;0m█[38;2;255;57;0m█[38;2;255;55;0m█[38;2;255;54;0m█[38;2;255;52;0m█[38;2;255;50;0m╗[38;2;255;49;0m█[38;2;255;47;0m█[38;2;255;45;0m╗[38;2;255;43;0m [38;2;255;42;0m [38;2;255;40;0m [38;2;255;38;0m [38;2;255;37;0m [0m
[38;2;255;120;0m█[38;2;255;118;0m█[38;2;255;116;0m╔[38;2;255;114;0m═[38;2;255;113;0m═[38;2;255;111;0m█[38;2;255;109;0m█[38;2;255;108;0m╗[38;2;255;106;0m█[38;2;255;104;0m█[38;2;255;103;0m╔[38;2;255;101;0m═[38;2;255;99;0m═[38;2;255;98;0m═[38;2;255;96;0m█[38;2;255;94;0m█[38;2;255;92;0m╗[38;2;255;91;0m█[38;2;255;89;0m█[38;2;255;87;0m║[38;2;255;86;0m [38;2;255;84;0m [38;2;255;82;0m [38;2;255;81;0m█[38;2;255;79;0m█[38;2;255;77;0m║[38;2;255;76;0m╚[38;2;255;74;0m═[38;2;255;72;0m═[38;2;255;70;0m█[38;2;255;69;0m█[38;2;255;67;0m╔[38;2;255;65;0m═[38;2;255;64;0m═[38;2;255;62;0m╝[38;2;255;60;0m█[38;2;255;59;0m█[38;2;255;57;0m╔[38;2;255;55;0m═[38;2;255;54;0m═[38;2;255;52;0m═[38;2;255;50;0m═[38;2;255;49;0m╝[38;2;255;47;0m█[38;2;255;45;0m█[38;2;255;43;0m║[38;2;255;42;0m [38;2;255;40;0m [38;2;255;38;0m [38;2;255;37;0m [38;2;255;35;0m [0m
[38;2;255;118;0m█[38;2;255;116;0m█[38;2;255;114;0m█[38;2;255;113;0m█[38;2;255;111;0m█[38;2;255;109;0m█[38;2;255;108;0m╔[38;2;255;106;0m╝[38;2;255;104;0m█[38;2;255;103;0m█[38;2;255;101;0m║[38;2;255;99;0m [38;2;255;98;0m [38;2;255;96;0m [38;2;255;94;0m█[38;2;255;92;0m█[38;2;255;91;0m║[38;2;255;89;0m█[38;2;255;87;0m█[38;2;255;86;0m║[38;2;255;84;0m [38;2;255;82;0m [38;2;255;81;0m [38;2;255;79;0m█[38;2;255;77;0m█[38;2;255;76;0m║[38;2;255;74;0m [38;2;255;72;0m [38;2;255;70;0m [38;2;255;69;0m█[38;2;255;67;0m█[38;2;255;65;0m║[38;2;255;64;0m [38;2;255;62;0m [38;2;255;60;0m [38;2;255;59;0m█[38;2;255;57;0m█[38;2;255;55;0m█[38;2;255;54;0m█[38;2;255;52;0m█[38;2;255;50;0m╗[38;2;255;49;0m [38;2;255;47;0m [38;2;255;45;0m█[38;2;255;43;0m█[38;2;255;42;0m║[38;2;255;40;0m [38;2;255;38;0m [38;2;255;37;0m [38;2;255;35;0m [38;2;255;33;0m [0m
[38;2;255;116;0m█[38;2;255;114;0m█[38;2;255;113;0m╔[38;2;255;111;0m═[38;2;255;109;0m═[38;2;255;108;0m█[38;2;255;106;0m█[38;2;255;104;0m╗[38;2;255;103;0m█[38;2;255;101;0m█[38;2;255;99;0m║[38;2;255;98;0m [38;2;255;96;0m [38;2;255;94;0m [38;2;255;92;0m█[38;2;255;91;0m█[38;2;255;89;0m║[38;2;255;87;0m█[38;2;255;86;0m█[38;2;255;84;0m║[38;2;255;82;0m [38;2;255;81;0m [38;2;255;79;0m [38;2;255;77;0m█[38;2;255;76;0m█[38;2;255;74;0m║[38;2;255;72;0m [38;2;255;70;0m [38;2;255;69;0m [38;2;255;67;0m█[38;2;255;65;0m█[38;2;255;64;0m║[38;2;255;62;0m [38;2;255;60;0m [38;2;255;59;0m [38;2;255;57;0m█[38;2;255;55;0m█[38;2;255;54;0m╔[38;2;255;52;0m═[38;2;255;50;0m═[38;2;255;49;0m╝[38;2;255;47;0m [38;2;255;45;0m [38;2;255;43;0m█[38;2;255;42;0m█[38;2;255;40;0m║[38;2;255;38;0m [38;2;255;37;0m [38;2;255;35;0m [38;2;255;33;0m [38;2;255;32;0m [0m
[38;2;255;114;0m█[38;2;255;113;0m█[38;2;255;111;0m║[38;2;255;109;0m [38;2;255;108;0m [38;2;255;106;0m█[38;2;255;104;0m█[38;2;255;103;0m║[38;2;255;101;0m╚[38;2;255;99;0m█[38;2;255;98;0m█[38;2;255;96;0m█[38;2;255;94;0m█[38;2;255;92;0m█[38;2;255;91;0m█[38;2;255;89;0m╔[38;2;255;87;0m╝[38;2;255;86;0m╚[38;2;255;84;0m█[38;2;255;82;0m█[38;2;255;81;0m█[38;2;255;79;0m█[38;2;255;77;0m█[38;2;255;76;0m█[38;2;255;74;0m╔[38;2;255;72;0m╝[38;2;255;70;0m [38;2;255;69;0m [38;2;255;67;0m [38;2;255;65;0m█[38;2;255;64;0m█[38;2;255;62;0m║[38;2;255;60;0m [38;2;255;59;0m [38;2;255;57;0m [38;2;255;55;0m█[38;2;255;54;0m█[38;2;255;52;0m█[38;2;255;50;0m█[38;2;255;49;0m█[38;2;255;47;0m█[38;2;255;45;0m█[38;2;255;43;0m╗[38;2;255;42;0m█[38;2;255;40;0m█[38;2;255;38;0m█[38;2;255;37;0m█[38;2;255;35;0m█[38;2;255;33;0m█[38;2;255;32;0m█[38;2;255;30;0m╗[0m
[38;2;255;113;0m╚[38;2;255;111;0m═[38;2;255;109;0m╝[38;2;255;108;0m [38;2;255;106;0m [38;2;255;104;0m╚[38;2;255;103;0m═[38;2;255;101;0m╝[38;2;255;99;0m [38;2;255;98;0m╚[38;2;255;96;0m═[38;2;255;94;0m═[38;2;255;92;0m═[38;2;255;91;0m═[38;2;255;89;0m═[38;2;255;87;0m╝[38;2;255;86;0m [38;2;255;84;0m [38;2;255;82;0m╚[38;2;255;81;0m═[38;2;255;79;0m═[38;2;255;77;0m═[38;2;255;76;0m═[38;2;255;74;0m═[38;2;255;72;0m╝[38;2;255;70;0m [38;2;255;69;0m [38;2;255;67;0m [38;2;255;65;0m [38;2;255;64;0m╚[38;2;255;62;0m═[38;2;255;60;0m╝[38;2;255;59;0m [38;2;255;57;0m [38;2;255;55;0m [38;2;255;54;0m╚[38;2;255;52;0m═[38;2;255;50;0m═[38;2;255;49;0m═[38;2;255;47;0m═[38;2;255;45;0m═[38;2;255;43;0m═[38;2;255;42;0m╝[38;2;255;40;0m╚[38;2;255;38;0m═[38;2;255;37;0m═[38;2;255;35;0m═[38;2;255;33;0m═[38;2;255;32;0m═[38;2;255;30;0m═[38;2;255;28;0m╝[0m
[0m
[0m
[38;2;255;108;0m█[38;2;255;106;0m█[38;2;255;104;0m█[38;2;255;103;0m█[38;2;255;101;0m█[38;2;255;99;0m█[38;2;255;98;0m╗[38;2;255;96;0m [38;2;255;94;0m [38;2;255;92;0m█[38;2;255;91;0m█[38;2;255;89;0m█[38;2;255;87;0m█[38;2;255;86;0m█[38;2;255;84;0m█[38;2;255;82;0m╗[38;2;255;81;0m [38;2;255;79;0m█[38;2;255;77;0m█[38;2;255;76;0m╗[38;2;255;74;0m [38;2;255;72;0m [38;2;255;70;0m [38;2;255;69;0m█[38;2;255;67;0m█[38;2;255;65;0m╗[38;2;255;64;0m█[38;2;255;62;0m█[38;2;255;60;0m█[38;2;255;59;0m█[38;2;255;57;0m█[38;2;255;55;0m█[38;2;255;54;0m█[38;2;255;52;0m█[38;2;255;50;0m╗[38;2;255;49;0m█[38;2;255;47;0m█[38;2;255;45;0m█[38;2;255;43;0m█[38;2;255;42;0m█[38;2;255;40;0m█[38;2;255;38;0m█[38;2;255;37;0m╗[38;2;255;35;0m█[38;2;255;33;0m█[38;2;255;32;0m╗[38;2;255;30;0m [38;2;255;28;0m [38;2;255;27;0m [38;2;255;25;0m [38;2;255;23;0m [0m
[38;2;255;106;0m█[38;2;255;104;0m█[38;2;255;103;0m╔[38;2;255;101;0m═[38;2;255;99;0m═[38;2;255;98;0m█[38;2;255;96;0m█[38;2;255;94;0m╗[38;2;255;92;0m█[38;2;255;91;0m█[38;2;255;89;0m╔[38;2;255;87;0m═[38;2;255;86;0m═[38;2;255;84;0m═[38;2;255;82;0m█[38;2;255;81;0m█[38;2;255;79;0m╗[38;2;255;77;0m█[38;2;255;76;0m█[38;2;255;74;0m║[38;2;255;72;0m [38;2;255;70;0m [38;2;255;69;0m [38;2;255;67;0m█[38;2;255;65;0m█[38;2;255;64;0m║[38;2;255;62;0m╚[38;2;255;60;0m═[38;2;255;59;0m═[38;2;255;57;0m█[38;2;255;55;0m█[38;2;255;54;0m╔[38;2;255;52;0m═[38;2;255;50;0m═[38;2;255;49;0m╝[38;2;255;47;0m█[38;2;255;45;0m█[38;2;255;43;0m╔[38;2;255;42;0m═[38;2;255;40;0m═[38;2;255;38;0m═[38;2;255;37;0m═[38;2;255;35;0m╝[38;2;255;33;0m█[38;2;255;32;0m█[38;2;255;30;0m║[38;2;255;28;0m [38;2;255;27;0m [38;2;255;25;0m [38;2;255;23;0m [38;2;255;21;0m [0m
[38;2;255;104;0m█[38;2;255;103;0m█[38;2;255;101;0m█[38;2;255;99;0m█[38;2;255;98;0m█[38;2;255;96;0m█[38;2;255;94;0m╔[38;2;255;92;0m╝[38;2;255;91;0m█[38;2;255;89;0m█[38;2;255;87;0m║[38;2;255;86;0m [38;2;255;84;0m [38;2;255;82;0m [38;2;255;81;0m█[38;2;255;79;0m█[38;2;255;77;0m║[38;2;255;76;0m█[38;2;255;74;0m█[38;2;255;72;0m║[38;2;255;70;0m [38;2;255;69;0m [38;2;255;67;0m [38;2;255;65;0m█[38;2;255;64;0m█[38;2;255;62;0m║[38;2;255;60;0m [38;2;255;59;0m [38;2;255;57;0m [38;2;255;55;0m█[38;2;255;54;0m█[38;2;255;52;0m║[38;2;255;50;0m [38;2;255;49;0m [38;2;255;47;0m [38;2;255;45;0m█[38;2;255;43;0m█[38;2;255;42;0m█[38;2;255;40;0m█[38;2;255;38;0m█[38;2;255;37;0m╗[38;2;255;35;0m [38;2;255;33;0m [38;2;255;32;0m█[38;2;255;30;0m█[38;2;255;28;0m║[38;2;255;27;0m [38;2;255;25;0m [38;2;255;23;0m [38;2;255;21;0m [38;2;255;20;0m [0m
[38;2;255;103;0m█[38;2;255;101;0m█[38;2;255;99;0m╔[38;2;255;98;0m═[38;2;255;96;0m═[38;2;255;94;0m█[38;2;255;92;0m█[38;2;255;91;0m╗[38;2;255;89;0m█[38;2;255;87;0m█[38;2;255;86;0m║[38;2;255;84;0m [38;2;255;82;0m [38;2;255;81;0m [38;2;255;79;0m█[38;2;255;77;0m█[38;2;255;76;0m║[38;2;255;74;0m█[38;2;255;72;0m█[38;2;255;70;0m║[38;2;255;69;0m [38;2;255;67;0m [38;2;255;65;0m [38;2;255;64;0m█[38;2;255;62;0m█[38;2;255;60;0m║[38;2;255;59;0m [38;2;255;57;0m [38;2;255;55;0m [38;2;255;54;0m█[38;2;255;52;0m█[38;2;255;50;0m║[38;2;255;49;0m [38;2;255;47;0m [38;2;255;45;0m [38;2;255;43;0m█[38;2;255;42;0m█[38;2;255;40;0m╔[38;2;255;38;0m═[38;2;255;37;0m═[38;2;255;35;0m╝[38;2;255;33;0m [38;2;255;32;0m [38;2;255;30;0m█[38;2;255;28;0m█[38;2;255;27;0m║[38;2;255;25;0m [38;2;255;23;0m [38;2;255;21;0m [38;2;255;20;0m [38;2;255;18;0m [0m
[38;2;255;101;0m█[38;2;255;99;0m█[38;2;255;98;0m║[38;2;255;96;0m [38;2;255;94;0m [38;2;255;92;0m█[38;2;255;91;0m█[38;2;255;89;0m║[38;2;255;87;0m╚[38;2;255;86;0m█[38;2;255;84;0m█[38;2;255;82;0m█[38;2;255;81;0m█[38;2;255;79;0m█[38;2;255;77;0m█[38;2;255;76;0m╔[38;2;255;74;0m╝[38;2;255;72;0m╚[38;2;255;70;0m█[38;2;255;69;0m█[38;2;255;67;0m█[38;2;255;65;0m█[38;2;255;64;0m█[38;2;255;62;0m█[38;2;255;60;0m╔[38;2;255;59;0m╝[38;2;255;57;0m [38;2;255;55;0m [38;2;255;54;0m [38;2;255;52;0m█[38;2;255;50;0m█[38;2;255;49;0m║[38;2;255;47;0m [38;2;255;45;0m [38;2;255;43;0m [38;2;255;42;0m█[38;2;255;40;0m█[38;2;255;38;0m█[38;2;255;37;0m█[38;2;255;35;0m█[38;2;255;33;0m█[38;2;255;32;0m█[38;2;255;30;0m╗[38;2;255;28;0m█[38;2;255;27;0m█[38;2;255;25;0m█[38;2;255;23;0m█[38;2;255;21;0m█[38;2;255;20;0m█[38;2;255;18;0m█[38;2;255;16;0m╗[0m
[38;2;255;99;0m╚[38;2;255;98;0m═[38;2;255;96;0m╝[38;2;255;94;0m [38;2;255;92;0m [38;2;255;91;0m╚[38;2;255;89;0m═[38;2;255;87;0m╝[38;2;255;86;0m [38;2;255;84;0m╚[38;2;255;82;0m═[38;2;255;81;0m═[38;2;255;79;0m═[38;2;255;77;0m═[38;2;255;76;0m═[38;2;255;74;0m╝[38;2;255;72;0m [38;2;255;70;0m [38;2;255;69;0m╚[38;2;255;67;0m═[38;2;255;65;0m═[38;2;255;64;0m═[38;2;255;62;0m═[38;2;255;60;0m═[38;2;255;59;0m╝[38;2;255;57;0m [38;2;255;55;0m [38;2;255;54;0m [38;2;255;52;0m [38;2;255;50;0m╚[38;2;255;49;0m═[38;2;255;47;0m╝[38;2;255;45;0m [38;2;255;43;0m [38;2;255;42;0m [38;2;255;40;0m╚[38;2;255;38;0m═[38;2;255;37;0m═[38;2;255;35;0m═[38;2;255;33;0m═[38;2;255;32;0m═[38;2;255;30;0m═[38;2;255;28;0m╝[38;2;255;27;0m╚[38;2;255;25;0m═[38;2;255;23;0m═[38;2;255;21;0m═[38;2;255;20;0m═[38;2;255;18;0m═[38;2;255;16;0m═[38;2;255;15;0m╝[0m
[0m
[38;2;255;96;0m█[38;2;255;94;0m█[38;2;255;92;0m█[38;2;255;91;0m█[38;2;255;89;0m█[38;2;255;87;0m█[38;2;255;86;0m╗[38;2;255;84;0m [38;2;255;82;0m [38;2;255;81;0m█[38;2;255;79;0m█[38;2;255;77;0m█[38;2;255;76;0m█[38;2;255;74;0m█[38;2;255;72;0m█[38;2;255;70;0m╗[38;2;255;69;0m [38;2;255;67;0m█[38;2;255;65;0m█[38;2;255;64;0m╗[38;2;255;62;0m [38;2;255;60;0m [38;2;255;59;0m [38;2;255;57;0m█[38;2;255;55;0m█[38;2;255;54;0m╗[38;2;255;52;0m█[38;2;255;50;0m█[38;2;255;49;0m█[38;2;255;47;0m█[38;2;255;45;0m█[38;2;255;43;0m█[38;2;255;42;0m█[38;2;255;40;0m█[38;2;255;38;0m╗[38;2;255;37;0m█[38;2;255;35;0m█[38;2;255;33;0m█[38;2;255;32;0m█[38;2;255;30;0m█[38;2;255;28;0m█[38;2;255;27;0m█[38;2;255;25;0m╗[38;2;255;23;0m█[38;2;255;21;0m█[38;2;255;20;0m╗[38;2;255;18;0m [38;2;255;16;0m [38;2;255;15;0m [38;2;255;13;0m [38;2;255;11;0m [0m
[38;2;255;94;0m█[38;2;255;92;0m█[38;2;255;91;0m╔[38;2;255;89;0m═[38;2;255;87;0m═[38;2;255;86;0m█[38;2;255;84;0m█[38;2;255;82;0m╗[38;2;255;81;0m█[38;2;255;79;0m█[38;2;255;77;0m╔[38;2;255;76;0m═[38;2;255;74;0m═[38;2;255;72;0m═[38;2;255;70;0m█[38;2;255;69;0m█[38;2;255;67;0m╗[38;2;255;65;0m█[38;2;255;64;0m█[38;2;255;62;0m║[38;2;255;60;0m [38;2;255;59;0m [38;2;255;57;0m [38;2;255;55;0m█[38;2;255;54;0m█[38;2;255;52;0m║[38;2;255;50;0m╚[38;2;255;49;0m═[38;2;255;47;0m═[38;2;255;45;0m█[38;2;255;43;0m█[38;2;255;42;0m╔[38;2;255;40;0m═[38;2;255;38;0m═[38;2;255;37;0m╝[38;2;255;35;0m█[38;2;255;33;0m█[38;2;255;32;0m╔[38;2;255;30;0m═[38;2;255;28;0m═[38;2;255;27;0m═[38;2;255;25;0m═[38;2;255;23;0m╝[38;2;255;21;0m█[38;2;255;20;0m█[38;2;255;18;0m║[38;2;255;16;0m [38;2;255;15;0m [38;2;255;13;0m [38;2;255;11;0m [38;2;255;10;0m [0m
[38;2;255;92;0m█[38;2;255;91;0m█[38;2;255;89;0m█[38;2;255;87;0m█[38;2;255;86;0m█[38;2;255;84;0m█[38;2;255;82;0m╔[38;2;255;81;0m╝[38;2;255;79;0m█[38;2;255;77;0m█[38;2;255;76;0m║[38;2;255;74;0m [38;2;255;72;0m [38;2;255;70;0m [38;2;255;69;0m█[38;2;255;67;0m█[38;2;255;65;0m║[38;2;255;64;0m█[38;2;255;62;0m█[38;2;255;60;0m║[38;2;255;59;0m [38;2;255;57;0m [38;2;255;55;0m [38;2;255;54;0m█[38;2;255;52;0m█[38;2;255;50;0m║[38;2;255;49;0m [38;2;255;47;0m [38;2;255;45;0m [38;2;255;43;0m█[38;2;255;42;0m█[38;2;255;40;0m║[38;2;255;38;0m [38;2;255;37;0m [38;2;255;35;0m [38;2;255;33;0m█[38;2;255;32;0m█[38;2;255;30;0m█[38;2;255;28;0m█[38;2;255;27;0m█[38;2;255;25;0m╗[38;2;255;23;0m [38;2;255;21;0m [38;2;255;20;0m█[38;2;255;18;0m█[38;2;255;16;0m║[38;2;255;15;0m [38;2;255;13;0m [38;2;255;11;0m [38;2;255;10;0m [38;2;255;8;0m [0m
[38;2;255;91;0m█[38;2;255;89;0m█[38;2;255;87;0m╔[38;2;255;86;0m═[38;2;255;84;0m═[38;2;255;82;0m█[38;2;255;81;0m█[38;2;255;79;0m╗[38;2;255;77;0m█[38;2;255;76;0m█[38;2;255;74;0m║[38;2;255;72;0m [38;2;255;70;0m [38;2;255;69;0m [38;2;255;67;0m█[38;2;255;65;0m█[38;2;255;64;0m║[38;2;255;62;0m█[38;2;255;60;0m█[38;2;255;59;0m║[38;2;255;57;0m [38;2;255;55;0m [38;2;255;54;0m [38;2;255;52;0m█[38;2;255;50;0m█[38;2;255;49;0m║[38;2;255;47;0m [38;2;255;45;0m [38;2;255;43;0m [38;2;255;42;0m█[38;2;255;40;0m█[38;2;255;38;0m║[38;2;255;37;0m [38;2;255;35;0m [38;2;255;33;0m [38;2;255;32;0m█[38;2;255;30;0m█[38;2;255;28;0m╔[38;2;255;27;0m═[38;2;255;25;0m═[38;2;255;23;0m╝[38;2;255;21;0m [38;2;255;20;0m [38;2;255;18;0m█[38;2;255;16;0m█[38;2;255;15;0m║[38;2;255;13;0m [38;2;255;11;0m [38;2;255;10;0m [38;2;255;8;0m [38;2;255;6;0m [0m
[38;2;255;89;0m█[38;2;255;87;0m█[38;2;255;86;0m║[38;2;255;84;0m [38;2;255;82;0m [38;2;255;81;0m█[38;2;255;79;0m█[38;2;255;77;0m║[38;2;255;76;0m╚[38;2;255;74;0m█[38;2;255;72;0m█[38;2;255;70;0m█[38;2;255;69;0m█[38;2;255;67;0m█[38;2;255;65;0m█[38;2;255;64;0m╔[38;2;255;62;0m╝[38;2;255;60;0m╚[38;2;255;59;0m█[38;2;255;57;0m█[38;2;255;55;0m█[38;2;255;54;0m█[38;2;255;52;0m█[38;2;255;50;0m█[38;2;255;49;0m╔[38;2;255;47;0m╝[38;2;255;45;0m [38;2;255;43;0m [38;2;255;42;0m [38;2;255;40;0m█[38;2;255;38;0m█[38;2;255;37;0m║[38;2;255;35;0m [38;2;255;33;0m [38;2;255;32;0m [38;2;255;30;0m█[38;2;255;28;0m█[38;2;255;27;0m█[38;2;255;25;0m█[38;2;255;23;0m█[38;2;255;21;0m█[38;2;255;20;0m█[38;2;255;18;0m╗[38;2;255;16;0m█[38;2;255;15;0m█[38;2;255;13;0m█[38;2;255;11;0m█[38;2;255;10;0m█[38;2;255;8;0m█[38;2;255;6;0m█[38;2;255;5;0m╗[0m
[38;2;255;87;0m╚[38;2;255;86;0m═[38;2;255;84;0m╝[38;2;255;82;0m [38;2;255;81;0m [38;2;255;79;0m╚[38;2;255;77;0m═[38;2;255;76;0m╝[38;2;255;74;0m [38;2;255;72;0m╚[38;2;255;70;0m═[38;2;255;69;0m═[38;2;255;67;0m═[38;2;255;65;0m═[38;2;255;64;0m═[38;2;255;62;0m╝[38;2;255;60;0m [38;2;255;59;0m [38;2;255;57;0m╚[38;2;255;55;0m═[38;2;255;54;0m═[38;2;255;52;0m═[38;2;255;50;0m═[38;2;255;49;0m═[38;2;255;47;0m╝[38;2;255;45;0m [38;2;255;43;0m [38;2;255;42;0m [38;2;255;40;0m [38;2;255;38;0m╚[38;2;255;37;0m═[38;2;255;35;0m╝[38;2;255;33;0m [38;2;255;32;0m [38;2;255;30;0m [38;2;255;28;0m╚[38;2;255;27;0m═[38;2;255;25;0m═[38;2;255;23;0m═[38;2;255;21;0m═[38;2;255;20;0m═[38;2;255;18;0m═[38;2;255;16;0m╝[38;2;255;15;0m╚[38;2;255;13;0m═[38;2;255;11;0m═[38;2;255;10;0m═[38;2;255;8;0m═[38;2;255;6;0m═[38;2;255;5;0m═[38;2;255;3;0m╝[0m
[0m
