[38;2;255;120;0m [38;2;255;120;0m [38;2;255;118;0m [38;2;255;116;0m [38;2;255;114;0m [38;2;255;112;0m [38;2;255;110;0m [38;2;255;108;0m [38;2;255;106;0m [38;2;255;104;0m [38;2;255;102;0m [38;2;255;100;0m [38;2;255;98;0m [38;2;255;96;0m [38;2;255;94;0m [38;2;255;92;0m [38;2;255;90;0m [38;2;255;89;0m [38;2;255;87;0m [38;2;255;85;0m [38;2;255;83;0m [38;2;255;81;0m [38;2;255;79;0m:[38;2;255;77;0m:[38;2;255;75;0m:[38;2;255;73;0m![38;2;255;71;0m~[38;2;255;69;0m![38;2;255;67;0m![38;2;255;65;0m![38;2;255;63;0m![38;2;255;61;0m![38;2;255;60;0m:[38;2;255;58;0m.[0m
[38;2;255;120;0m [38;2;255;118;0m [38;2;255;116;0m [38;2;255;114;0m [38;2;255;112;0m [38;2;255;110;0m [38;2;255;108;0m [38;2;255;106;0m [38;2;255;104;0m [38;2;255;102;0m [38;2;255;100;0m [38;2;255;98;0m [38;2;255;96;0m [38;2;255;94;0m [38;2;255;92;0m [38;2;255;90;0m [38;2;255;89;0m [38;2;255;87;0m [38;2;255;85;0m.[38;2;255;83;0mx[38;2;255;81;0mU[38;2;255;79;0mH[38;2;255;77;0mW[38;2;255;75;0mH[38;2;255;73;0m![38;2;255;71;0m![38;2;255;69;0m [38;2;255;67;0m![38;2;255;65;0m![38;2;255;63;0m?[38;2;255;61;0mM[38;2;255;60;0m8[38;2;255;58;0m8[38;2;255;56;0mW[38;2;255;54;0mH[38;2;255;52;0mX[38;2;255;50;0m:[38;2;255;48;0m.[0m
[38;2;255;118;0m [38;2;255;116;0m [38;2;255;114;0m [38;2;255;112;0m [38;2;255;110;0m [38;2;255;108;0m [38;2;255;106;0m [38;2;255;104;0m [38;2;255;102;0m [38;2;255;100;0m [38;2;255;98;0m [38;2;255;96;0m [38;2;255;94;0m [38;2;255;92;0m [38;2;255;90;0m [38;2;255;89;0m [38;2;255;87;0m.[38;2;255;85;0mX[38;2;255;83;0m*[38;2;255;81;0m#[38;2;255;79;0mM[38;2;255;77;0m@[38;2;255;75;0m$[38;2;255;73;0m![38;2;255;71;0m![38;2;255;69;0m [38;2;255;67;0m [38;2;255;65;0m![38;2;255;63;0mX[38;2;255;61;0m![38;2;255;60;0mM[38;2;255;58;0m$[38;2;255;56;0m$[38;2;255;54;0m$[38;2;255;52;0m$[38;2;255;50;0m$[38;2;255;48;0m$[38;2;255;46;0mW[38;2;255;44;0mW[38;2;255;42;0mx[38;2;255;40;0m:[38;2;255;38;0m.[0m
[38;2;255;116;0m [38;2;255;114;0m [38;2;255;112;0m [38;2;255;110;0m [38;2;255;108;0m [38;2;255;106;0m [38;2;255;104;0m [38;2;255;102;0m [38;2;255;100;0m [38;2;255;98;0m [38;2;255;96;0m [38;2;255;94;0m [38;2;255;92;0m [38;2;255;90;0m [38;2;255;89;0m [38;2;255;87;0m:[38;2;255;85;0m![38;2;255;83;0m![38;2;255;81;0m![38;2;255;79;0m![38;2;255;77;0m![38;2;255;75;0m![38;2;255;73;0m?[38;2;255;71;0mH[38;2;255;69;0m![38;2;255;67;0m [38;2;255;65;0m:[38;2;255;63;0m![38;2;255;61;0m$[38;2;255;60;0m![38;2;255;58;0m$[38;2;255;56;0m$[38;2;255;54;0m$[38;2;255;52;0m$[38;2;255;50;0m$[38;2;255;48;0m$[38;2;255;46;0m$[38;2;255;44;0m$[38;2;255;42;0m$[38;2;255;40;0m$[38;2;255;38;0m8[38;2;255;36;0mX[38;2;255;34;0m:[0m
[38;2;255;114;0m [38;2;255;112;0m [38;2;255;110;0m [38;2;255;108;0m [38;2;255;106;0m [38;2;255;104;0m [38;2;255;102;0m [38;2;255;100;0m [38;2;255;98;0m [38;2;255;96;0m [38;2;255;94;0m [38;2;255;92;0m [38;2;255;90;0m [38;2;255;89;0m [38;2;255;87;0m![38;2;255;85;0m![38;2;255;83;0m~[38;2;255;81;0m [38;2;255;79;0m [38;2;255;77;0m~[38;2;255;75;0m:[38;2;255;73;0m~[38;2;255;71;0m![38;2;255;69;0m![38;2;255;67;0m [38;2;255;65;0m:[38;2;255;63;0m~[38;2;255;61;0m![38;2;255;60;0m$[38;2;255;58;0m![38;2;255;56;0m#[38;2;255;54;0m$[38;2;255;52;0m$[38;2;255;50;0m$[38;2;255;48;0m$[38;2;255;46;0m$[38;2;255;44;0m$[38;2;255;42;0m$[38;2;255;40;0m$[38;2;255;38;0m$[38;2;255;36;0m$[38;2;255;34;0m8[38;2;255;32;0mX[38;2;255;30;0m:[0m
[38;2;255;112;0m [38;2;255;110;0m [38;2;255;108;0m [38;2;255;106;0m [38;2;255;104;0m [38;2;255;102;0m [38;2;255;100;0m [38;2;255;98;0m [38;2;255;96;0m [38;2;255;94;0m [38;2;255;92;0m [38;2;255;90;0m [38;2;255;89;0m [38;2;255;87;0m:[38;2;255;85;0m![38;2;255;83;0m~[38;2;255;81;0m:[38;2;255;79;0m:[38;2;255;77;0m![38;2;255;75;0mH[38;2;255;73;0m![38;2;255;71;0m<[38;2;255;69;0m [38;2;255;67;0m [38;2;255;65;0m [38;2;255;63;0m~[38;2;255;61;0m.[38;2;255;60;0mU[38;2;255;58;0m$[38;2;255;56;0mX[38;2;255;54;0m![38;2;255;52;0m?[38;2;255;50;0mR[38;2;255;48;0m$[38;2;255;46;0m$[38;2;255;44;0m$[38;2;255;42;0m$[38;2;255;40;0m$[38;2;255;38;0m$[38;2;255;36;0m$[38;2;255;34;0m$[38;2;255;32;0mM[38;2;255;30;0mM[38;2;255;29;0m![0m
[38;2;255;110;0m [38;2;255;108;0m [38;2;255;106;0m [38;2;255;104;0m [38;2;255;102;0m [38;2;255;100;0m [38;2;255;98;0m [38;2;255;96;0m [38;2;255;94;0m [38;2;255;92;0m [38;2;255;90;0m [38;2;255;89;0m [38;2;255;87;0m [38;2;255;85;0m~[38;2;255;83;0m![38;2;255;81;0m~[38;2;255;79;0m![38;2;255;77;0m![38;2;255;75;0m![38;2;255;73;0m![38;2;255;71;0m~[38;2;255;69;0m~[38;2;255;67;0m [38;2;255;65;0m.[38;2;255;63;0m:[38;2;255;61;0mX[38;2;255;60;0mW[38;2;255;58;0m$[38;2;255;56;0m$[38;2;255;54;0m$[38;2;255;52;0mU[38;2;255;50;0m![38;2;255;48;0m![38;2;255;46;0m?[38;2;255;44;0m$[38;2;255;42;0m$[38;2;255;40;0m$[38;2;255;38;0m$[38;2;255;36;0m$[38;2;255;34;0m$[38;2;255;32;0mR[38;2;255;30;0mM[38;2;255;29;0mM[38;2;255;27;0m![0m
[38;2;255;108;0m [38;2;255;106;0m [38;2;255;104;0m [38;2;255;102;0m [38;2;255;100;0m [38;2;255;98;0m [38;2;255;96;0m [38;2;255;94;0m [38;2;255;92;0m [38;2;255;90;0m [38;2;255;89;0m [38;2;255;87;0m [38;2;255;85;0m [38;2;255;83;0m [38;2;255;81;0m [38;2;255;79;0m![38;2;255;77;0m:[38;2;255;75;0m~[38;2;255;73;0m~[38;2;255;71;0m~[38;2;255;69;0m [38;2;255;67;0m.[38;2;255;65;0m:[38;2;255;63;0m![38;2;255;61;0mM[38;2;255;60;0m"[38;2;255;58;0mT[38;2;255;56;0m#[38;2;255;54;0m$[38;2;255;52;0m$[38;2;255;50;0m$[38;2;255;48;0m$[38;2;255;46;0mW[38;2;255;44;0mX[38;2;255;42;0m?[38;2;255;40;0m?[38;2;255;38;0m#[38;2;255;36;0mM[38;2;255;34;0mR[38;2;255;32;0mR[38;2;255;30;0mM[38;2;255;29;0mM[38;2;255;27;0mM[38;2;255;25;0m![0m
[38;2;255;106;0m [38;2;255;104;0m [38;2;255;102;0m [38;2;255;100;0m [38;2;255;98;0m [38;2;255;96;0m [38;2;255;94;0m [38;2;255;92;0m [38;2;255;90;0m [38;2;255;89;0m [38;2;255;87;0m [38;2;255;85;0m [38;2;255;83;0m [38;2;255;81;0m [38;2;255;79;0m [38;2;255;77;0m~[38;2;255;75;0m?[38;2;255;73;0mW[38;2;255;71;0mu[38;2;255;69;0mx[38;2;255;67;0mi[38;2;255;65;0mW[38;2;255;63;0m*[38;2;255;61;0m`[38;2;255;60;0m [38;2;255;58;0m [38;2;255;56;0m [38;2;255;54;0m`[38;2;255;52;0m"[38;2;255;50;0m#[38;2;255;48;0m$[38;2;255;46;0m$[38;2;255;44;0m$[38;2;255;42;0m$[38;2;255;40;0m8[38;2;255;38;0m![38;2;255;36;0m![38;2;255;34;0m![38;2;255;32;0m![38;2;255;30;0m?[38;2;255;29;0m?[38;2;255;27;0m![38;2;255;25;0m![38;2;255;23;0m![0m
[38;2;255;104;0m [38;2;255;102;0m [38;2;255;100;0m [38;2;255;98;0m [38;2;255;96;0m [38;2;255;94;0m [38;2;255;92;0m [38;2;255;90;0m [38;2;255;89;0m [38;2;255;87;0m [38;2;255;85;0m [38;2;255;83;0m [38;2;255;81;0m [38;2;255;79;0m:[38;2;255;77;0mX[38;2;255;75;0m-[38;2;255;73;0m [38;2;255;71;0mM[38;2;255;69;0m$[38;2;255;67;0m$[38;2;255;65;0m$[38;2;255;63;0m$[38;2;255;61;0m [38;2;255;60;0m [38;2;255;58;0m [38;2;255;56;0m [38;2;255;54;0m [38;2;255;52;0m [38;2;255;50;0m [38;2;255;48;0m`[38;2;255;46;0m"[38;2;255;44;0mT[38;2;255;42;0m#[38;2;255;40;0m$[38;2;255;38;0mT[38;2;255;36;0m~[38;2;255;34;0m![38;2;255;32;0m8[38;2;255;30;0m$[38;2;255;29;0mW[38;2;255;27;0mU[38;2;255;25;0mX[38;2;255;23;0mU[38;2;255;21;0m~[0m
[38;2;255;102;0m [38;2;255;100;0m [38;2;255;98;0m [38;2;255;96;0m [38;2;255;94;0m [38;2;255;92;0m [38;2;255;90;0m [38;2;255;89;0m [38;2;255;87;0m [38;2;255;85;0m [38;2;255;83;0m [38;2;255;81;0m [38;2;255;79;0m:[38;2;255;77;0m%[38;2;255;75;0m`[38;2;255;73;0m [38;2;255;71;0m [38;2;255;69;0m~[38;2;255;67;0m#[38;2;255;65;0m$[38;2;255;63;0m$[38;2;255;61;0m$[38;2;255;60;0mm[38;2;255;58;0m:[38;2;255;56;0m [38;2;255;54;0m [38;2;255;52;0m [38;2;255;50;0m [38;2;255;48;0m [38;2;255;46;0m [38;2;255;44;0m [38;2;255;42;0m [38;2;255;40;0m~[38;2;255;38;0m![38;2;255;36;0m~[38;2;255;34;0m [38;2;255;32;0m?[38;2;255;30;0m$[38;2;255;29;0m$[38;2;255;27;0m$[38;2;255;25;0m$[38;2;255;23;0m$[38;2;255;21;0m$[0m
[38;2;255;100;0m [38;2;255;98;0m [38;2;255;96;0m [38;2;255;94;0m [38;2;255;92;0m [38;2;255;90;0m [38;2;255;89;0m [38;2;255;87;0m [38;2;255;85;0m [38;2;255;83;0m [38;2;255;81;0m:[38;2;255;79;0m![38;2;255;77;0m`[38;2;255;75;0m.[38;2;255;73;0m-[38;2;255;71;0m [38;2;255;69;0m [38;2;255;67;0m [38;2;255;65;0m~[38;2;255;63;0mT[38;2;255;61;0m$[38;2;255;60;0m$[38;2;255;58;0m$[38;2;255;56;0m$[38;2;255;54;0m8[38;2;255;52;0mx[38;2;255;50;0mx[38;2;255;48;0m.[38;2;255;46;0m [38;2;255;44;0m [38;2;255;42;0m.[38;2;255;40;0mx[38;2;255;38;0mW[38;2;255;36;0mW[38;2;255;34;0m-[38;2;255;32;0m [38;2;255;30;0m~[38;2;255;29;0m"[38;2;255;27;0m"[38;2;255;25;0m#[38;2;255;23;0m#[38;2;255;21;0m*[38;2;255;19;0m"[0m
[38;2;255;98;0m.[38;2;255;96;0m.[38;2;255;94;0m.[38;2;255;92;0m.[38;2;255;90;0m.[38;2;255;89;0m [38;2;255;87;0m [38;2;255;85;0m [38;2;255;83;0m-[38;2;255;81;0m~[38;2;255;79;0m~[38;2;255;77;0m:[38;2;255;75;0m<[38;2;255;73;0m`[38;2;255;71;0m [38;2;255;69;0m![38;2;255;67;0m [38;2;255;65;0m [38;2;255;63;0m [38;2;255;61;0m [38;2;255;60;0m~[38;2;255;58;0m?[38;2;255;56;0mT[38;2;255;54;0m#[38;2;255;52;0m$[38;2;255;50;0m$[38;2;255;48;0m@[38;2;255;46;0m@[38;2;255;44;0mW[38;2;255;42;0m@[38;2;255;40;0m*[38;2;255;38;0m?[38;2;255;36;0m$[38;2;255;34;0m$[38;2;255;32;0m [38;2;255;30;0m [38;2;255;29;0m [38;2;255;27;0m [38;2;255;25;0m [38;2;255;23;0m [38;2;255;21;0m/[38;2;255;19;0m`[0m
[38;2;255;96;0mW[38;2;255;94;0m$[38;2;255;92;0m@[38;2;255;90;0m@[38;2;255;89;0mM[38;2;255;87;0m![38;2;255;85;0m![38;2;255;83;0m![38;2;255;81;0m [38;2;255;79;0m.[38;2;255;77;0m![38;2;255;75;0m~[38;2;255;73;0m~[38;2;255;71;0m [38;2;255;69;0m![38;2;255;67;0m![38;2;255;65;0m [38;2;255;63;0m [38;2;255;61;0m [38;2;255;60;0m [38;2;255;58;0m [38;2;255;56;0m.[38;2;255;54;0m:[38;2;255;52;0mX[38;2;255;50;0mU[38;2;255;48;0mW[38;2;255;46;0m$[38;2;255;44;0mW[38;2;255;42;0m![38;2;255;40;0m~[38;2;255;38;0m [38;2;255;36;0m`[38;2;255;34;0m"[38;2;255;32;0m~[38;2;255;30;0m:[38;2;255;29;0m [38;2;255;27;0m [38;2;255;25;0m [38;2;255;23;0m [38;2;255;21;0m:[0m
[38;2;255;94;0m#[38;2;255;92;0m"[38;2;255;90;0m~[38;2;255;89;0m~[38;2;255;87;0m`[38;2;255;85;0m.[38;2;255;83;0m:[38;2;255;81;0mx[38;2;255;79;0m%[38;2;255;77;0m`[38;2;255;75;0m![38;2;255;73;0m![38;2;255;71;0m [38;2;255;69;0m [38;2;255;67;0m![38;2;255;65;0mH[38;2;255;63;0m:[38;2;255;61;0m [38;2;255;60;0m [38;2;255;58;0m [38;2;255;56;0m![38;2;255;54;0mW[38;2;255;52;0mM[38;2;255;50;0m$[38;2;255;48;0m$[38;2;255;46;0m$[38;2;255;44;0m$[38;2;255;42;0mT[38;2;255;40;0mi[38;2;255;38;0m.[38;2;255;36;0m:[38;2;255;34;0m [38;2;255;32;0m.[38;2;255;30;0m![38;2;255;29;0mW[38;2;255;27;0mU[38;2;255;25;0mn[38;2;255;23;0m+[38;2;255;21;0m![38;2;255;19;0m`[0m
[38;2;255;92;0m:[38;2;255;90;0m:[38;2;255;89;0m:[38;2;255;87;0m~[38;2;255;85;0m:[38;2;255;83;0m![38;2;255;81;0m![38;2;255;79;0m`[38;2;255;77;0m:[38;2;255;75;0mX[38;2;255;73;0m~[38;2;255;71;0m [38;2;255;69;0m.[38;2;255;67;0m:[38;2;255;65;0m [38;2;255;63;0m?[38;2;255;61;0mH[38;2;255;60;0m.[38;2;255;58;0m![38;2;255;56;0mu[38;2;255;54;0m [38;2;255;52;0m"[38;2;255;50;0m$[38;2;255;48;0m$[38;2;255;46;0m$[38;2;255;44;0mB[38;2;255;42;0m$[38;2;255;40;0m$[38;2;255;38;0m$[38;2;255;36;0m![38;2;255;34;0mW[38;2;255;32;0m:[38;2;255;30;0mU[38;2;255;29;0m![38;2;255;27;0mT[38;2;255;25;0m$[38;2;255;23;0m$[38;2;255;21;0mM[38;2;255;19;0m~[0m
[38;2;255;90;0m.[38;2;255;89;0m~[38;2;255;87;0m~[38;2;255;85;0m [38;2;255;83;0m [38;2;255;81;0m [38;2;255;79;0m:[38;2;255;77;0mX[38;2;255;75;0m@[38;2;255;73;0m![38;2;255;71;0m.[38;2;255;69;0m-[38;2;255;67;0m~[38;2;255;65;0m [38;2;255;63;0m [38;2;255;61;0m [38;2;255;60;0m?[38;2;255;58;0m@[38;2;255;56;0mW[38;2;255;54;0mT[38;2;255;52;0mW[38;2;255;50;0mo[38;2;255;48;0m([38;2;255;46;0m"[38;2;255;44;0m*[38;2;255;42;0m$[38;2;255;40;0m$[38;2;255;38;0m$[38;2;255;36;0mW[38;2;255;34;0m$[38;2;255;32;0mT[38;2;255;30;0mH[38;2;255;29;0m$[38;2;255;27;0m![38;2;255;25;0m [38;2;255;23;0m`[0m
[38;2;255;89;0mW[38;2;255;87;0mi[38;2;255;85;0m.[38;2;255;83;0m~[38;2;255;81;0m![38;2;255;79;0mX[38;2;255;77;0m$[38;2;255;75;0m?[38;2;255;73;0m![38;2;255;71;0m-[38;2;255;69;0m~[38;2;255;67;0m [38;2;255;65;0m [38;2;255;63;0m [38;2;255;61;0m [38;2;255;60;0m:[38;2;255;58;0m [38;2;255;56;0m?[38;2;255;54;0m$[38;2;255;52;0m$[38;2;255;50;0m$[38;2;255;48;0mB[38;2;255;46;0m$[38;2;255;44;0mW[38;2;255;42;0mu[38;2;255;40;0m([38;2;255;38;0m"[38;2;255;36;0m*[38;2;255;34;0m*[38;2;255;32;0m$[38;2;255;30;0mR[38;2;255;29;0mM[38;2;255;27;0m![0m
[38;2;255;87;0m$[38;2;255;85;0mR[38;2;255;83;0m@[38;2;255;81;0mi[38;2;255;79;0m.[38;2;255;77;0m~[38;2;255;75;0m~[38;2;255;73;0m [38;2;255;71;0m![38;2;255;69;0m [38;2;255;67;0m [38;2;255;65;0m [38;2;255;63;0m [38;2;255;61;0m [38;2;255;60;0m:[38;2;255;58;0m [38;2;255;56;0m [38;2;255;54;0m [38;2;255;52;0m~[38;2;255;50;0m$[38;2;255;48;0m$[38;2;255;46;0m$[38;2;255;44;0m$[38;2;255;42;0m$[38;2;255;40;0mB[38;2;255;38;0m$[38;2;255;36;0m$[38;2;255;34;0me[38;2;255;32;0mn[38;2;255;30;0m:[38;2;255;29;0m`[38;2;255;27;0m`[0m
[38;2;255;85;0m?[38;2;255;83;0mM[38;2;255;81;0mX[38;2;255;79;0mT[38;2;255;77;0m@[38;2;255;75;0mW[38;2;255;73;0mx[38;2;255;71;0m.[38;2;255;69;0m~[38;2;255;67;0m [38;2;255;65;0m [38;2;255;63;0m [38;2;255;61;0m [38;2;255;60;0m:[38;2;255;58;0m [38;2;255;56;0m [38;2;255;54;0m [38;2;255;52;0m [38;2;255;50;0m [38;2;255;48;0m~[38;2;255;46;0m"[38;2;255;44;0m#[38;2;255;42;0m#[38;2;255;40;0m*[38;2;255;38;0m$[38;2;255;36;0m$[38;2;255;34;0m$[38;2;255;32;0m$[38;2;255;30;0mM[38;2;255;29;0m~[0m
