[38;2;255;0;0m▒[38;2;255;0;0m▒[38;2;255;22;0m▒[38;2;255;45;0m▒[38;2;255;67;0m▒[38;2;255;90;0m▒[38;2;255;112;0m▒[38;2;255;135;0m▒[38;2;255;157;0m▒[38;2;255;173;0m▒[38;2;255;185;0m▒[38;2;255;197;0m▒[38;2;255;210;0m▒[38;2;255;222;0m▒[38;2;255;234;0m▒[38;2;255;246;0m▒[38;2;243;255;0m▒[38;2;208;255;0m▒[38;2;173;255;0m▒[38;2;139;255;0m▒[38;2;104;255;0m▒[38;2;69;255;0m▒[38;2;34;255;0m▒[38;2;0;255;0m▒[38;2;0;255;34m▒[38;2;0;255;69m▒[38;2;0;255;104m▒[38;2;0;255;139m▒[38;2;0;255;173m▒[38;2;0;255;208m▒[0m
[38;2;255;0;0m▒[38;2;255;22;0m▒[38;2;255;45;0m█[38;2;255;67;0m▒[38;2;255;90;0m▒[38;2;255;112;0m█[38;2;255;135;0m▒[38;2;255;157;0m▒[38;2;255;173;0m█[38;2;255;185;0m█[38;2;255;197;0m█[38;2;255;210;0m█[38;2;255;222;0m▒[38;2;255;234;0m▒[38;2;255;246;0m█[38;2;243;255;0m█[38;2;208;255;0m█[38;2;173;255;0m█[38;2;139;255;0m▒[38;2;104;255;0m▒[38;2;69;255;0m▒[38;2;34;255;0m█[38;2;0;255;0m█[38;2;0;255;34m▒[38;2;0;255;69m▒[38;2;0;255;104m▒[38;2;0;255;139m█[38;2;0;255;173m█[38;2;0;255;208m█[38;2;0;255;243m█[38;2;0;231;255m▒[38;2;0;197;255m▒[0m
[38;2;255;22;0m▒[38;2;255;45;0m▒[38;2;255;67;0m█[38;2;255;90;0m▒[38;2;255;112;0m▒[38;2;255;135;0m█[38;2;255;157;0m▒[38;2;255;173;0m▒[38;2;255;185;0m█[38;2;255;197;0m▒[38;2;255;210;0m▒[38;2;255;222;0m█[38;2;255;234;0m▒[38;2;255;246;0m▒[38;2;243;255;0m█[38;2;208;255;0m▒[38;2;173;255;0m▒[38;2;139;255;0m█[38;2;104;255;0m▒[38;2;69;255;0m▒[38;2;34;255;0m█[38;2;0;255;0m▒[38;2;0;255;34m▒[38;2;0;255;69m█[38;2;0;255;104m▒[38;2;0;255;139m▒[38;2;0;255;173m█[38;2;0;255;208m▒[38;2;0;255;243m▒[38;2;0;231;255m▒[38;2;0;197;255m▒[38;2;0;162;255m▒[0m
[38;2;255;45;0m▒[38;2;255;67;0m▒[38;2;255;90;0m█[38;2;255;112;0m█[38;2;255;135;0m█[38;2;255;157;0m█[38;2;255;173;0m▒[38;2;255;185;0m▒[38;2;255;197;0m█[38;2;255;210;0m█[38;2;255;222;0m█[38;2;255;234;0m█[38;2;255;246;0m▒[38;2;243;255;0m▒[38;2;208;255;0m█[38;2;173;255;0m█[38;2;139;255;0m█[38;2;104;255;0m█[38;2;69;255;0m▒[38;2;34;255;0m▒[38;2;0;255;0m█[38;2;0;255;34m▒[38;2;0;255;69m▒[38;2;0;255;104m█[38;2;0;255;139m▒[38;2;0;255;173m▒[38;2;0;255;208m█[38;2;0;255;243m█[38;2;0;231;255m█[38;2;0;197;255m█[38;2;0;162;255m▒[38;2;0;127;255m▒[0m
[38;2;255;67;0m▒[38;2;255;90;0m▒[38;2;255;112;0m█[38;2;255;135;0m▒[38;2;255;157;0m▒[38;2;255;173;0m█[38;2;255;185;0m▒[38;2;255;197;0m▒[38;2;255;210;0m█[38;2;255;222;0m▒[38;2;255;234;0m▒[38;2;255;246;0m█[38;2;243;255;0m▒[38;2;208;255;0m▒[38;2;173;255;0m█[38;2;139;255;0m▒[38;2;104;255;0m▒[38;2;69;255;0m█[38;2;34;255;0m▒[38;2;0;255;0m▒[38;2;0;255;34m█[38;2;0;255;69m▒[38;2;0;255;104m▒[38;2;0;255;139m█[38;2;0;255;173m▒[38;2;0;255;208m▒[38;2;0;255;243m▒[38;2;0;231;255m▒[38;2;0;197;255m▒[38;2;0;162;255m█[38;2;0;127;255m▒[38;2;0;92;255m▒[0m
[38;2;255;90;0m▒[38;2;255;112;0m▒[38;2;255;135;0m█[38;2;255;157;0m▒[38;2;255;173;0m▒[38;2;255;185;0m█[38;2;255;197;0m▒[38;2;255;210;0m▒[38;2;255;222;0m█[38;2;255;234;0m▒[38;2;255;246;0m▒[38;2;243;255;0m█[38;2;208;255;0m▒[38;2;173;255;0m▒[38;2;139;255;0m█[38;2;104;255;0m▒[38;2;69;255;0m▒[38;2;34;255;0m█[38;2;0;255;0m▒[38;2;0;255;34m▒[38;2;0;255;69m▒[38;2;0;255;104m█[38;2;0;255;139m█[38;2;0;255;173m▒[38;2;0;255;208m▒[38;2;0;255;243m▒[38;2;0;231;255m█[38;2;0;197;255m█[38;2;0;162;255m█[38;2;0;127;255m█[38;2;0;92;255m▒[38;2;0;57;255m▒[0m
[38;2;255;112;0m▒[38;2;255;135;0m▒[38;2;255;157;0m▒[38;2;255;173;0m▒[38;2;255;185;0m▒[38;2;255;197;0m▒[38;2;255;210;0m▒[38;2;255;222;0m▒[38;2;255;234;0m▒[38;2;255;246;0m▒[38;2;243;255;0m▒[38;2;208;255;0m▒[38;2;173;255;0m▒[38;2;139;255;0m▒[38;2;104;255;0m▒[38;2;69;255;0m▒[38;2;34;255;0m▒[38;2;0;255;0m▒[38;2;0;255;34m▒[38;2;0;255;69m▒[38;2;0;255;104m▒[38;2;0;255;139m▒[38;2;0;255;173m▒[38;2;0;255;208m▒[38;2;0;255;243m▒[38;2;0;231;255m▒[38;2;0;197;255m▒[38;2;0;162;255m▒[38;2;0;127;255m▒[38;2;0;92;255m▒[38;2;0;57;255m▒[38;2;0;23;255m▒[0m
[38;2;255;135;0m▓[38;2;255;157;0m▓[38;2;255;173;0m▓[38;2;255;185;0m▓[38;2;255;197;0m▓[38;2;255;210;0m▓[38;2;255;222;0m▓[38;2;255;234;0m▓[38;2;255;246;0m▓[38;2;243;255;0m▓[38;2;208;255;0m▓[38;2;173;255;0m▓[38;2;139;255;0m▓[38;2;104;255;0m▓[38;2;69;255;0m▓[38;2;34;255;0m▓[38;2;0;255;0m▓[38;2;0;255;34m▓[38;2;0;255;69m▓[38;2;0;255;104m▓[38;2;0;255;139m▓[38;2;0;255;173m▓[38;2;0;255;208m▓[38;2;0;255;243m▓[38;2;0;231;255m▓[38;2;0;197;255m▓[38;2;0;162;255m▓[38;2;0;127;255m▓[38;2;0;92;255m▓[38;2;0;57;255m▓[38;2;0;23;255m▓[38;2;11;0;255m▓[0m
[38;2;255;157;0m█[38;2;255;173;0m█[38;2;255;185;0m█[38;2;255;197;0m█[38;2;255;210;0m█[38;2;255;222;0m█[38;2;255;234;0m█[38;2;255;246;0m█[38;2;243;255;0m█[38;2;208;255;0m█[38;2;173;255;0m█[38;2;139;255;0m█[38;2;104;255;0m█[38;2;69;255;0m█[38;2;34;255;0m█[38;2;0;255;0m█[38;2;0;255;34m█[38;2;0;255;69m█[38;2;0;255;104m█[38;2;0;255;139m█[38;2;0;255;173m█[38;2;0;255;208m█[38;2;0;255;243m█[38;2;0;231;255m█[38;2;0;197;255m█[38;2;0;162;255m█[38;2;0;127;255m█[38;2;0;92;255m█[38;2;0;57;255m█[38;2;0;23;255m█[38;2;11;0;255m█[38;2;46;0;255m█[0m
[38;2;255;173;0m▒[38;2;255;185;0m▒[38;2;255;197;0m▒[38;2;255;210;0m▒[38;2;255;222;0m▒[38;2;255;234;0m▒[38;2;255;246;0m▒[38;2;243;255;0m▒[38;2;208;255;0m▒[38;2;173;255;0m▒[38;2;139;255;0m▒[38;2;104;255;0m▒[38;2;69;255;0m▒[38;2;34;255;0m▒[38;2;0;255;0m▒[38;2;0;255;34m▒[38;2;0;255;69m▒[38;2;0;255;104m▒[38;2;0;255;139m▒[38;2;0;255;173m▒[38;2;0;255;208m▒[38;2;0;255;243m▒[38;2;0;231;255m▒[38;2;0;197;255m▒[38;2;0;162;255m▒[38;2;0;127;255m▒[38;2;0;92;255m▒[38;2;0;57;255m▒[38;2;0;23;255m▒[38;2;11;0;255m▒[38;2;46;0;255m▒[38;2;81;0;255m▒[0m
[38;2;255;185;0m░[38;2;255;197;0m░[38;2;255;210;0m░[38;2;255;222;0m░[38;2;255;234;0m░[38;2;255;246;0m░[38;2;243;255;0m░[38;2;208;255;0m░[38;2;173;255;0m░[38;2;139;255;0m░[38;2;104;255;0m░[38;2;69;255;0m░[38;2;34;255;0m░[38;2;0;255;0m░[38;2;0;255;34m░[38;2;0;255;69m░[38;2;0;255;104m░[38;2;0;255;139m░[38;2;0;255;173m░[38;2;0;255;208m░[38;2;0;255;243m░[38;2;0;231;255m░[38;2;0;197;255m░[38;2;0;162;255m░[38;2;0;127;255m░[38;2;0;92;255m░[38;2;0;57;255m░[38;2;0;23;255m░[38;2;11;0;255m░[38;2;46;0;255m░[38;2;81;0;255m░[38;2;115;0;255m░[0m
[38;2;255;197;0m█[38;2;255;210;0m█[38;2;255;222;0m█[38;2;255;234;0m█[38;2;255;246;0m█[38;2;243;255;0m█[38;2;208;255;0m█[38;2;173;255;0m█[38;2;139;255;0m█[38;2;104;255;0m█[38;2;69;255;0m█[38;2;34;255;0m█[38;2;0;255;0m█[38;2;0;255;34m█[38;2;0;255;69m█[38;2;0;255;104m█[38;2;0;255;139m█[38;2;0;255;173m█[38;2;0;255;208m█[38;2;0;255;243m█[38;2;0;231;255m█[38;2;0;197;255m█[38;2;0;162;255m█[38;2;0;127;255m█[38;2;0;92;255m█[38;2;0;57;255m█[38;2;0;23;255m█[38;2;11;0;255m█[38;2;46;0;255m█[38;2;81;0;255m█[38;2;115;0;255m█[38;2;150;0;255m█[0m
[38;2;255;210;0m▓[38;2;255;222;0m▓[38;2;255;234;0m▓[38;2;255;246;0m▓[38;2;243;255;0m▓[38;2;208;255;0m▓[38;2;173;255;0m▓[38;2;139;255;0m▓[38;2;104;255;0m▓[38;2;69;255;0m▓[38;2;34;255;0m▓[38;2;0;255;0m▓[38;2;0;255;34m▓[38;2;0;255;69m▓[38;2;0;255;104m▓[38;2;0;255;139m▓[38;2;0;255;173m▓[38;2;0;255;208m▓[38;2;0;255;243m▓[38;2;0;231;255m▓[38;2;0;197;255m▓[38;2;0;162;255m▓[38;2;0;127;255m▓[38;2;0;92;255m▓[38;2;0;57;255m▓[38;2;0;23;255m▓[38;2;11;0;255m▓[38;2;46;0;255m▓[38;2;81;0;255m▓[38;2;115;0;255m▓[38;2;150;0;255m▓[38;2;185;0;255m▓[0m
[38;2;255;222;0m▒[38;2;255;234;0m▒[38;2;255;246;0m▒[38;2;243;255;0m▒[38;2;208;255;0m▒[38;2;173;255;0m▒[38;2;139;255;0m▒[38;2;104;255;0m▒[38;2;69;255;0m▒[38;2;34;255;0m▒[38;2;0;255;0m▒[38;2;0;255;34m▒[38;2;0;255;69m▒[38;2;0;255;104m▒[38;2;0;255;139m▒[38;2;0;255;173m▒[38;2;0;255;208m▒[38;2;0;255;243m▒[38;2;0;231;255m▒[38;2;0;197;255m▒[38;2;0;162;255m▒[38;2;0;127;255m▒[38;2;0;92;255m▒[38;2;0;57;255m▒[38;2;0;23;255m▒[38;2;11;0;255m▒[38;2;46;0;255m▒[38;2;81;0;255m▒[38;2;115;0;255m▒[38;2;150;0;255m▒[38;2;185;0;255m▒[38;2;220;0;255m▒[0m
