[38;2;100;170;255m [38;2;100;170;255m [38;2;105;165;247m [38;2;110;160;239m [38;2;116;156;232m [38;2;121;151;224m [38;2;127;147;217m [38;2;132;142;209m [38;2;138;137;201m [38;2;143;133;194m [38;2;149;128;186m [38;2;154;124;179m [38;2;160;119;171m [38;2;165;114;163m [38;2;171;110;156m [38;2;176;105;148m [38;2;182;101;141m [38;2;187;96;133m [38;2;193;91;125m [38;2;198;87;118m [38;2;203;82;110m [38;2;209;78;103m [38;2;214;73;95m [38;2;220;69;88m [38;2;225;64;80m [38;2;231;59;72m [38;2;236;55;65m [38;2;242;50;57m [38;2;247;46;50m [38;2;253;41;42m [38;2;252;43;45m [38;2;248;48;52m [38;2;244;54;60m_[38;2;240;59;67m_[38;2;236;64;75m [38;2;232;70;83m_[38;2;227;75;90m.[38;2;223;80;98m_[38;2;219;85;105m.[38;2;215;91;113m,[38;2;211;96;120m.[38;2;207;101;128m_[38;2;203;107;136m.[38;2;199;112;143m_[38;2;195;117;151m_[0m
[38;2;100;170;255m [38;2;105;165;247m [38;2;110;160;239m [38;2;116;156;232m [38;2;121;151;224m [38;2;127;147;217m [38;2;132;142;209m [38;2;138;137;201m [38;2;143;133;194m [38;2;149;128;186m [38;2;154;124;179m [38;2;160;119;171m [38;2;165;114;163m [38;2;171;110;156m [38;2;176;105;148m [38;2;182;101;141m [38;2;187;96;133m [38;2;193;91;125m [38;2;198;87;118m [38;2;203;82;110m [38;2;209;78;103m [38;2;214;73;95m [38;2;220;69;88m [38;2;225;64;80m [38;2;231;59;72m [38;2;236;55;65m [38;2;242;50;57m.[38;2;247;46;50mo[38;2;253;41;42m8[38;2;252;43;45m8[38;2;248;48;52m8[38;2;244;54;60m8[38;2;240;59;67m8[38;2;236;64;75m8[38;2;232;70;83m8[38;2;227;75;90m8[38;2;223;80;98m8[38;2;219;85;105m8[38;2;215;91;113m8[38;2;211;96;120m8[38;2;207;101;128m8[38;2;203;107;136m8[38;2;199;112;143m8[38;2;195;117;151m8[38;2;191;122;158mP[38;2;187;128;166m'[0m
[38;2;105;165;247m [38;2;110;160;239m [38;2;116;156;232m [38;2;121;151;224m [38;2;127;147;217m [38;2;132;142;209m [38;2;138;137;201m [38;2;143;133;194m [38;2;149;128;186m [38;2;154;124;179m [38;2;160;119;171m [38;2;165;114;163m [38;2;171;110;156m [38;2;176;105;148m [38;2;182;101;141m [38;2;187;96;133m [38;2;193;91;125m [38;2;198;87;118m [38;2;203;82;110m [38;2;209;78;103m [38;2;214;73;95m [38;2;220;69;88m [38;2;225;64;80m [38;2;231;59;72m [38;2;236;55;65m.[38;2;242;50;57md[38;2;247;46;50m8[38;2;253;41;42m8[38;2;252;43;45m8[38;2;248;48;52m8[38;2;244;54;60m8[38;2;240;59;67m8[38;2;236;64;75m8[38;2;232;70;83m8[38;2;227;75;90m8[38;2;223;80;98m8[38;2;219;85;105m8[38;2;215;91;113m8[38;2;211;96;120m8[38;2;207;101;128m8[38;2;203;107;136m8[38;2;199;112;143m8[38;2;195;117;151m8[38;2;191;122;158mK[0m
[38;2;110;160;239m [38;2;116;156;232m [38;2;121;151;224m [38;2;127;147;217m [38;2;132;142;209m [38;2;138;137;201m [38;2;143;133;194m [38;2;149;128;186m [38;2;154;124;179m [38;2;160;119;171m [38;2;165;114;163m,[38;2;171;110;156m8[38;2;176;105;148m [38;2;182;101;141m [38;2;187;96;133m [38;2;193;91;125m [38;2;198;87;118m [38;2;203;82;110m [38;2;209;78;103m [38;2;214;73;95m [38;2;220;69;88m [38;2;225;64;80m [38;2;231;59;72m [38;2;236;55;65m [38;2;242;50;57m8[38;2;247;46;50m8[38;2;253;41;42m8[38;2;252;43;45m8[38;2;248;48;52m8[38;2;244;54;60m8[38;2;240;59;67m8[38;2;236;64;75m8[38;2;232;70;83m8[38;2;227;75;90m8[38;2;223;80;98m8[38;2;219;85;105m8[38;2;215;91;113m8[38;2;211;96;120m8[38;2;207;101;128m8[38;2;203;107;136m8[38;2;199;112;143m8[38;2;195;117;151m8[38;2;191;122;158m8[38;2;187;128;166m8[38;2;183;133;174m8[38;2;179;138;181mb[38;2;175;144;189mo[38;2;171;149;196mo[38;2;167;154;204m.[38;2;163;160;212m_[0m
[38;2;116;156;232m [38;2;121;151;224m [38;2;127;147;217m [38;2;132;142;209m [38;2;138;137;201m [38;2;143;133;194m [38;2;149;128;186m [38;2;154;124;179m [38;2;160;119;171m [38;2;165;114;163m:[38;2;171;110;156m8[38;2;176;105;148m8[38;2;182;101;141mb[38;2;187;96;133m [38;2;193;91;125m [38;2;198;87;118m [38;2;203;82;110m [38;2;209;78;103m [38;2;214;73;95m [38;2;220;69;88m [38;2;225;64;80m [38;2;231;59;72m [38;2;236;55;65m [38;2;242;50;57m [38;2;247;46;50m8[38;2;253;41;42m8[38;2;252;43;45m8[38;2;248;48;52m8[38;2;244;54;60m8[38;2;240;59;67m8[38;2;236;64;75m8[38;2;232;70;83m8[38;2;227;75;90m8[38;2;223;80;98m8[38;2;219;85;105m8[38;2;215;91;113m8[38;2;211;96;120m8[38;2;207;101;128m8[38;2;203;107;136m8[38;2;199;112;143m8[38;2;195;117;151m8[38;2;191;122;158m8[38;2;187;128;166m8[38;2;183;133;174m8[38;2;179;138;181m8[38;2;175;144;189m8[38;2;171;149;196m8[38;2;167;154;204m8[38;2;163;160;212m8[38;2;158;165;219m8[38;2;154;170;227m8[38;2;150;175;234mb[38;2;146;181;242m.[0m
[38;2;121;151;224m [38;2;127;147;217m [38;2;132;142;209m [38;2;138;137;201m [38;2;143;133;194m [38;2;149;128;186m [38;2;154;124;179m [38;2;160;119;171m [38;2;165;114;163m [38;2;171;110;156m [38;2;176;105;148m`[38;2;182;101;141mY[38;2;187;96;133m8[38;2;193;91;125mb[38;2;198;87;118m [38;2;203;82;110m [38;2;209;78;103m [38;2;214;73;95m [38;2;220;69;88m [38;2;225;64;80m [38;2;231;59;72m [38;2;236;55;65m [38;2;242;50;57m [38;2;247;46;50m [38;2;253;41;42m8[38;2;252;43;45m8[38;2;248;48;52m8[38;2;244;54;60m8[38;2;240;59;67m8[38;2;236;64;75m8[38;2;232;70;83m8[38;2;227;75;90m8[38;2;223;80;98m8[38;2;219;85;105m8[38;2;215;91;113m8[38;2;211;96;120m8[38;2;207;101;128m8[38;2;203;107;136m8[38;2;199;112;143m8[38;2;195;117;151m8[38;2;191;122;158m8[38;2;187;128;166m8[38;2;183;133;174m8[38;2;179;138;181m8[38;2;175;144;189m8[38;2;171;149;196m8[38;2;167;154;204m8[38;2;163;160;212m8[38;2;158;165;219m8[38;2;154;170;227m8[38;2;150;175;234m8[38;2;146;181;242m8[38;2;142;186;249m8[38;2;138;188;253mb[38;2;135;183;247m.[0m
[38;2;127;147;217m [38;2;132;142;209m [38;2;138;137;201m [38;2;143;133;194m [38;2;149;128;186m [38;2;154;124;179m [38;2;160;119;171m [38;2;165;114;163m [38;2;171;110;156m [38;2;176;105;148m [38;2;182;101;141m [38;2;187;96;133m [38;2;193;91;125m`[38;2;198;87;118mY[38;2;203;82;110mb[38;2;209;78;103m.[38;2;214;73;95m [38;2;220;69;88m [38;2;225;64;80m [38;2;231;59;72m [38;2;236;55;65m [38;2;242;50;57m [38;2;247;46;50m [38;2;253;41;42md[38;2;252;43;45m8[38;2;248;48;52m8[38;2;244;54;60m8[38;2;240;59;67m8[38;2;236;64;75m8[38;2;232;70;83m8[38;2;227;75;90m8[38;2;223;80;98m8[38;2;219;85;105m8[38;2;215;91;113m8[38;2;211;96;120m8[38;2;207;101;128m8[38;2;203;107;136m8[38;2;199;112;143m8[38;2;195;117;151m8[38;2;191;122;158m8[38;2;187;128;166m8[38;2;183;133;174m8[38;2;179;138;181m8[38;2;175;144;189m8[38;2;171;149;196m8[38;2;167;154;204m8[38;2;163;160;212m8[38;2;158;165;219m8[38;2;154;170;227m8[38;2;150;175;234m8[38;2;146;181;242m8[38;2;142;186;249m8[38;2;138;188;253m8[38;2;135;183;247m8[38;2;131;179;242m8[38;2;128;174;236mb[0m
[38;2;132;142;209m [38;2;138;137;201m [38;2;143;133;194m [38;2;149;128;186m [38;2;154;124;179m [38;2;160;119;171m [38;2;165;114;163m [38;2;171;110;156m [38;2;176;105;148m [38;2;182;101;141m [38;2;187;96;133m [38;2;193;91;125m [38;2;198;87;118m [38;2;203;82;110m [38;2;209;78;103m`[38;2;214;73;95mY[38;2;220;69;88mb[38;2;225;64;80m.[38;2;231;59;72m_[38;2;236;55;65m_[38;2;242;50;57m_[38;2;247;46;50m.[38;2;253;41;42m8[38;2;252;43;45m8[38;2;248;48;52m8[38;2;244;54;60m8[38;2;240;59;67m8[38;2;236;64;75m8[38;2;232;70;83m8[38;2;227;75;90m8[38;2;223;80;98m8[38;2;219;85;105m8[38;2;215;91;113m8[38;2;211;96;120m8[38;2;207;101;128m8[38;2;203;107;136m8[38;2;199;112;143m8[38;2;195;117;151m8[38;2;191;122;158m8[38;2;187;128;166m8[38;2;183;133;174m8[38;2;179;138;181m8[38;2;175;144;189m8[38;2;171;149;196m8[38;2;167;154;204m8[38;2;163;160;212m8[38;2;158;165;219m8[38;2;154;170;227m8[38;2;150;175;234m8[38;2;146;181;242m8[38;2;142;186;249m8[38;2;138;188;253m8[38;2;135;183;247m8[38;2;131;179;242m8[38;2;128;174;236m8[38;2;124;170;231m8[38;2;121;165;225m8[38;2;117;160;220mb[0m
[38;2;138;137;201m [38;2;143;133;194m [38;2;149;128;186m [38;2;154;124;179m [38;2;160;119;171m [38;2;165;114;163m [38;2;171;110;156m [38;2;176;105;148m [38;2;182;101;141m [38;2;187;96;133m [38;2;193;91;125m [38;2;198;87;118m [38;2;203;82;110m [38;2;209;78;103m [38;2;214;73;95m [38;2;220;69;88m [38;2;225;64;80m`[38;2;231;59;72mY[38;2;236;55;65m8[38;2;242;50;57m8[38;2;247;46;50m8[38;2;253;41;42m8[38;2;252;43;45m8[38;2;248;48;52m8[38;2;244;54;60m8[38;2;240;59;67m8[38;2;236;64;75m8[38;2;232;70;83m8[38;2;227;75;90m8[38;2;223;80;98m8[38;2;219;85;105m8[38;2;215;91;113m8[38;2;211;96;120m8[38;2;207;101;128m8[38;2;203;107;136m8[38;2;199;112;143m8[38;2;195;117;151m8[38;2;191;122;158m8[38;2;187;128;166m8[38;2;183;133;174m8[38;2;179;138;181m8[38;2;175;144;189m8[38;2;171;149;196m8[38;2;167;154;204m8[38;2;163;160;212m8[38;2;158;165;219m8[38;2;154;170;227m8[38;2;150;175;234mC[38;2;146;181;242mG[38;2;142;186;249m8[38;2;138;188;253m8[38;2;135;183;247m8[38;2;131;179;242m8[38;2;128;174;236m8[38;2;124;170;231mP[38;2;121;165;225m"[38;2;117;160;220m'[0m
[38;2;143;133;194m [38;2;149;128;186m [38;2;154;124;179m [38;2;160;119;171m [38;2;165;114;163m [38;2;171;110;156m [38;2;176;105;148m [38;2;182;101;141m [38;2;187;96;133m [38;2;193;91;125m [38;2;198;87;118m [38;2;203;82;110m [38;2;209;78;103m [38;2;214;73;95m [38;2;220;69;88m [38;2;225;64;80m [38;2;231;59;72m [38;2;236;55;65m [38;2;242;50;57m`[38;2;247;46;50m8[38;2;253;41;42m8[38;2;252;43;45m8[38;2;248;48;52m8[38;2;244;54;60m8[38;2;240;59;67m8[38;2;236;64;75m8[38;2;232;70;83m8[38;2;227;75;90m8[38;2;223;80;98m8[38;2;219;85;105m8[38;2;215;91;113m8[38;2;211;96;120m8[38;2;207;101;128m8[38;2;203;107;136m8[38;2;199;112;143m8[38;2;195;117;151m8[38;2;191;122;158m8[38;2;187;128;166m8[38;2;183;133;174m8[38;2;179;138;181m8[38;2;175;144;189m8[38;2;171;149;196m8[38;2;167;154;204m8[38;2;163;160;212m8[38;2;158;165;219m8[38;2;154;170;227m8[38;2;150;175;234m8[38;2;146;181;242m8[38;2;142;186;249mM[38;2;138;188;253mM[38;2;135;183;247m8[38;2;131;179;242m8[38;2;128;174;236mP[38;2;124;170;231m"[38;2;121;165;225m'[0m
[38;2;149;128;186m [38;2;154;124;179m"[38;2;160;119;171mY[38;2;165;114;163m8[38;2;171;110;156m8[38;2;176;105;148m8[38;2;182;101;141mK[38;2;187;96;133m [38;2;193;91;125m [38;2;198;87;118m [38;2;203;82;110m [38;2;209;78;103m"[38;2;214;73;95mY[38;2;220;69;88m8[38;2;225;64;80mP[38;2;231;59;72m"[38;2;236;55;65m"[38;2;242;50;57mY[38;2;247;46;50m8[38;2;253;41;42m8[38;2;252;43;45m8[38;2;248;48;52m8[38;2;244;54;60m8[38;2;240;59;67m8[38;2;236;64;75m8[38;2;232;70;83m8[38;2;227;75;90m8[38;2;223;80;98m8[38;2;219;85;105m8[38;2;215;91;113m8[38;2;211;96;120m8[38;2;207;101;128m8[38;2;203;107;136m8[38;2;199;112;143m8[38;2;195;117;151m8[38;2;191;122;158m8[38;2;187;128;166m8[38;2;183;133;174m8[38;2;179;138;181m8[38;2;175;144;189m8[38;2;171;149;196m8[38;2;167;154;204m8[38;2;163;160;212mo[38;2;158;165;219mo[38;2;154;170;227m.[38;2;150;175;234m_[38;2;146;181;242m"[38;2;142;186;249m"[38;2;138;188;253m"[38;2;135;183;247m"[0m
[38;2;154;124;179m [38;2;160;119;171m [38;2;165;114;163m [38;2;171;110;156m8[38;2;176;105;148m8[38;2;182;101;141m8[38;2;187;96;133m8[38;2;193;91;125m8[38;2;198;87;118mb[38;2;203;82;110m [38;2;209;78;103m [38;2;214;73;95m [38;2;220;69;88m [38;2;225;64;80m8[38;2;231;59;72m [38;2;236;55;65m [38;2;242;50;57m [38;2;247;46;50m [38;2;253;41;42m8[38;2;252;43;45m8[38;2;248;48;52m8[38;2;244;54;60m8[38;2;240;59;67m`[38;2;236;64;75mY[38;2;232;70;83m8[38;2;227;75;90m8[38;2;223;80;98m8[38;2;219;85;105m8[38;2;215;91;113m8[38;2;211;96;120m8[38;2;207;101;128m8[38;2;203;107;136m8[38;2;199;112;143m8[38;2;195;117;151m8[38;2;191;122;158m8[38;2;187;128;166m8[38;2;183;133;174m8[38;2;179;138;181m8[38;2;175;144;189m8[38;2;171;149;196m8[38;2;167;154;204m8[38;2;163;160;212m8[38;2;158;165;219m8[38;2;154;170;227m8[38;2;150;175;234m8[38;2;146;181;242m8[38;2;142;186;249m8[38;2;138;188;253mo[38;2;135;183;247mo[38;2;131;179;242m.[0m
[38;2;160;119;171m [38;2;165;114;163m [38;2;171;110;156m [38;2;176;105;148m8[38;2;182;101;141m"[38;2;187;96;133mY[38;2;193;91;125m8[38;2;198;87;118m8[38;2;203;82;110m8[38;2;209;78;103m8[38;2;214;73;95mb[38;2;220;69;88m [38;2;225;64;80m [38;2;231;59;72m8[38;2;236;55;65m [38;2;242;50;57m [38;2;247;46;50m [38;2;253;41;42m [38;2;252;43;45m8[38;2;248;48;52m8[38;2;244;54;60m8[38;2;240;59;67m8[38;2;236;64;75m [38;2;232;70;83m [38;2;227;75;90m,[38;2;223;80;98m8[38;2;219;85;105m8[38;2;215;91;113m8[38;2;211;96;120m8[38;2;207;101;128m8[38;2;203;107;136m8[38;2;199;112;143m8[38;2;195;117;151m8[38;2;191;122;158m8[38;2;187;128;166m8[38;2;183;133;174m8[38;2;179;138;181m8[38;2;175;144;189m8[38;2;171;149;196m8[38;2;167;154;204m8[38;2;163;160;212m8[38;2;158;165;219m8[38;2;154;170;227m8[38;2;150;175;234m8[38;2;146;181;242m8[38;2;142;186;249m8[38;2;138;188;253m8[38;2;135;183;247m8[38;2;131;179;242m8[38;2;128;174;236m8[38;2;124;170;231mo[38;2;121;165;225m,[0m
[38;2;165;114;163m [38;2;171;110;156m [38;2;176;105;148m [38;2;182;101;141m8[38;2;187;96;133m [38;2;193;91;125m [38;2;198;87;118m"[38;2;203;82;110mY[38;2;209;78;103m8[38;2;214;73;95m8[38;2;220;69;88m8[38;2;225;64;80m8[38;2;231;59;72mb[38;2;236;55;65m8[38;2;242;50;57m [38;2;247;46;50m [38;2;253;41;42m [38;2;252;43;45m [38;2;248;48;52m8[38;2;244;54;60m8[38;2;240;59;67m8[38;2;236;64;75m8[38;2;232;70;83m"[38;2;227;75;90m"[38;2;223;80;98mY[38;2;219;85;105m8[38;2;215;91;113m`[38;2;211;96;120mY[38;2;207;101;128m8[38;2;203;107;136m8[38;2;199;112;143m8[38;2;195;117;151m8[38;2;191;122;158m8[38;2;187;128;166m8[38;2;183;133;174m8[38;2;179;138;181m8[38;2;175;144;189m8[38;2;171;149;196m8[38;2;167;154;204m8[38;2;163;160;212m8[38;2;158;165;219m8[38;2;154;170;227m8[38;2;150;175;234m8[38;2;146;181;242m8[38;2;142;186;249m8[38;2;138;188;253m8[38;2;135;183;247m8[38;2;131;179;242m8[38;2;128;174;236m8[38;2;124;170;231m8[38;2;121;165;225mb[38;2;117;160;220m.[0m
[38;2;171;110;156m [38;2;176;105;148m [38;2;182;101;141m [38;2;187;96;133m8[38;2;193;91;125m [38;2;198;87;118m [38;2;203;82;110m [38;2;209;78;103m [38;2;214;73;95m"[38;2;220;69;88mY[38;2;225;64;80m8[38;2;231;59;72m8[38;2;236;55;65m8[38;2;242;50;57m8[38;2;247;46;50m [38;2;253;41;42m [38;2;252;43;45m [38;2;248;48;52m [38;2;244;54;60m8[38;2;240;59;67m8[38;2;236;64;75m8[38;2;232;70;83m8[38;2;227;75;90m [38;2;223;80;98m [38;2;219;85;105m [38;2;215;91;113mY[38;2;211;96;120m [38;2;207;101;128m [38;2;203;107;136m`[38;2;199;112;143mY[38;2;195;117;151m8[38;2;191;122;158m8[38;2;187;128;166m8[38;2;183;133;174m8[38;2;179;138;181m8[38;2;175;144;189m8[38;2;171;149;196m8[38;2;167;154;204m8[38;2;163;160;212m8[38;2;158;165;219m8[38;2;154;170;227m8[38;2;150;175;234m8[38;2;146;181;242m8[38;2;142;186;249m8[38;2;138;188;253m8[38;2;135;183;247m8[38;2;131;179;242m8[38;2;128;174;236m8[38;2;124;170;231m8[38;2;121;165;225m8[38;2;117;160;220m8[38;2;114;156;214m8[0m
[38;2;176;105;148m [38;2;182;101;141m [38;2;187;96;133m [38;2;193;91;125m8[38;2;198;87;118m [38;2;203;82;110m [38;2;209;78;103m [38;2;214;73;95m [38;2;220;69;88m [38;2;225;64;80m [38;2;231;59;72m"[38;2;236;55;65mY[38;2;242;50;57m8[38;2;247;46;50m8[38;2;253;41;42m [38;2;252;43;45m [38;2;248;48;52m [38;2;244;54;60m [38;2;240;59;67m8[38;2;236;64;75m8[38;2;232;70;83m8[38;2;227;75;90m8[38;2;223;80;98m [38;2;219;85;105m [38;2;215;91;113m [38;2;211;96;120m [38;2;207;101;128m [38;2;203;107;136m.[38;2;199;112;143md[38;2;195;117;151m [38;2;191;122;158m`[38;2;187;128;166mY[38;2;183;133;174m8[38;2;179;138;181m8[38;2;175;144;189m8[38;2;171;149;196m8[38;2;167;154;204m8[38;2;163;160;212m8[38;2;158;165;219m8[38;2;154;170;227m8[38;2;150;175;234m8[38;2;146;181;242m8[38;2;142;186;249m8[38;2;138;188;253m8[38;2;135;183;247m8[38;2;131;179;242m8[38;2;128;174;236m8[38;2;124;170;231m8[38;2;121;165;225m8[38;2;117;160;220m8[38;2;114;156;214m8[38;2;110;151;209m8[38;2;107;147;203mb[0m
[38;2;182;101;141m [38;2;187;96;133m.[38;2;193;91;125md[38;2;198;87;118m8[38;2;203;82;110mb[38;2;209;78;103m.[38;2;214;73;95m [38;2;220;69;88m [38;2;225;64;80m [38;2;231;59;72m [38;2;236;55;65m [38;2;242;50;57m [38;2;247;46;50m"[38;2;253;41;42m8[38;2;252;43;45m [38;2;248;48;52m [38;2;244;54;60m.[38;2;240;59;67md[38;2;236;64;75m8[38;2;232;70;83m8[38;2;227;75;90m8[38;2;223;80;98m8[38;2;219;85;105mb[38;2;215;91;113m.[38;2;211;96;120m.[38;2;207;101;128md[38;2;203;107;136m8[38;2;199;112;143m8[38;2;195;117;151mP[38;2;191;122;158m [38;2;187;128;166m [38;2;183;133;174m [38;2;179;138;181m`[38;2;175;144;189mY[38;2;171;149;196m8[38;2;167;154;204m8[38;2;163;160;212m8[38;2;158;165;219m8[38;2;154;170;227m8[38;2;150;175;234m8[38;2;146;181;242m8[38;2;142;186;249m8[38;2;138;188;253m8[38;2;135;183;247m8[38;2;131;179;242m8[38;2;128;174;236m8[38;2;124;170;231m8[38;2;121;165;225m8[38;2;117;160;220m8[38;2;114;156;214m8[38;2;110;151;209m8[38;2;107;147;203m8[38;2;103;142;198m8[38;2;99;137;192m8[0m
[38;2;187;96;133m [38;2;193;91;125m [38;2;198;87;118m [38;2;203;82;110m [38;2;209;78;103m [38;2;214;73;95m [38;2;220;69;88m [38;2;225;64;80m [38;2;231;59;72m [38;2;236;55;65m [38;2;242;50;57m [38;2;247;46;50m [38;2;253;41;42m [38;2;252;43;45m [38;2;248;48;52m [38;2;244;54;60m [38;2;240;59;67m [38;2;236;64;75m [38;2;232;70;83m [38;2;227;75;90m [38;2;223;80;98m [38;2;219;85;105m [38;2;215;91;113m [38;2;211;96;120m [38;2;207;101;128m [38;2;203;107;136m [38;2;199;112;143m [38;2;195;117;151m [38;2;191;122;158m [38;2;187;128;166m [38;2;183;133;174m [38;2;179;138;181m [38;2;175;144;189m [38;2;171;149;196m [38;2;167;154;204m`[38;2;163;160;212mY[38;2;158;165;219m8[38;2;154;170;227m8[38;2;150;175;234m8[38;2;146;181;242m8[38;2;142;186;249m8[38;2;138;188;253m8[38;2;135;183;247m8[38;2;131;179;242m8[38;2;128;174;236m8[38;2;124;170;231m8[38;2;121;165;225m8[38;2;117;160;220m8[38;2;114;156;214m8[38;2;110;151;209m8[38;2;107;147;203m8[38;2;103;142;198m8[38;2;99;137;192m8[38;2;96;133;187mb[38;2;92;128;182m.[0m
[38;2;193;91;125m [38;2;198;87;118m [38;2;203;82;110m [38;2;209;78;103m [38;2;214;73;95m [38;2;220;69;88m [38;2;225;64;80m [38;2;231;59;72m [38;2;236;55;65m [38;2;242;50;57m [38;2;247;46;50m [38;2;253;41;42m [38;2;252;43;45m [38;2;248;48;52m [38;2;244;54;60m [38;2;240;59;67m [38;2;236;64;75m [38;2;232;70;83m [38;2;227;75;90m [38;2;223;80;98m"[38;2;219;85;105mY[38;2;215;91;113m8[38;2;211;96;120m8[38;2;207;101;128m8[38;2;203;107;136mP[38;2;199;112;143m"[38;2;195;117;151m"[38;2;191;122;158mY[38;2;187;128;166m8[38;2;183;133;174mb[38;2;179;138;181m.[38;2;175;144;189m [38;2;171;149;196m"[38;2;167;154;204mY[38;2;163;160;212m8[38;2;158;165;219m8[38;2;154;170;227m8[38;2;150;175;234m8[38;2;146;181;242m8[38;2;142;186;249m8[38;2;138;188;253m8[38;2;135;183;247m8[38;2;131;179;242m8[38;2;128;174;236m8[38;2;124;170;231m8[38;2;121;165;225m8[38;2;117;160;220m8[38;2;114;156;214m8[38;2;110;151;209m8[38;2;107;147;203m8[38;2;103;142;198m8[38;2;99;137;192m8[38;2;96;133;187m8[38;2;92;128;182m8[38;2;89;124;176m8[0m
[38;2;198;87;118m [38;2;203;82;110m [38;2;209;78;103m [38;2;214;73;95m [38;2;220;69;88m [38;2;225;64;80m [38;2;231;59;72m [38;2;236;55;65m [38;2;242;50;57m [38;2;247;46;50m [38;2;253;41;42m [38;2;252;43;45m [38;2;248;48;52m [38;2;244;54;60m [38;2;240;59;67m [38;2;236;64;75m [38;2;232;70;83m [38;2;227;75;90m [38;2;223;80;98m [38;2;219;85;105m [38;2;215;91;113m [38;2;211;96;120m8[38;2;207;101;128m8[38;2;203;107;136m8[38;2;199;112;143m [38;2;195;117;151m [38;2;191;122;158m [38;2;187;128;166m [38;2;183;133;174m8[38;2;179;138;181m8[38;2;175;144;189m8[38;2;171;149;196m [38;2;167;154;204m [38;2;163;160;212m [38;2;158;165;219mY[38;2;154;170;227m8[38;2;150;175;234m8[38;2;146;181;242m8[38;2;142;186;249m`[38;2;138;188;253mY[38;2;135;183;247m8[38;2;131;179;242m8[38;2;128;174;236m8[38;2;124;170;231m8[38;2;121;165;225m8[38;2;117;160;220m8[38;2;114;156;214m8[38;2;110;151;209m8[38;2;107;147;203m8[38;2;103;142;198m8[38;2;99;137;192m8[38;2;96;133;187m8[38;2;92;128;182m8[38;2;89;124;176m8[38;2;85;119;171m8[0m
[38;2;203;82;110m [38;2;209;78;103m [38;2;214;73;95m [38;2;220;69;88m [38;2;225;64;80m [38;2;231;59;72m [38;2;236;55;65m [38;2;242;50;57m [38;2;247;46;50m [38;2;253;41;42m [38;2;252;43;45m [38;2;248;48;52m [38;2;244;54;60m [38;2;240;59;67m [38;2;236;64;75m [38;2;232;70;83m [38;2;227;75;90m [38;2;223;80;98m [38;2;219;85;105m [38;2;215;91;113m [38;2;211;96;120m [38;2;207;101;128m8[38;2;203;107;136m8[38;2;199;112;143m8[38;2;195;117;151m [38;2;191;122;158m [38;2;187;128;166m [38;2;183;133;174md[38;2;179;138;181m8[38;2;175;144;189m8[38;2;171;149;196mP[38;2;167;154;204m [38;2;163;160;212m [38;2;158;165;219m [38;2;154;170;227m [38;2;150;175;234mY[38;2;146;181;242m8[38;2;142;186;249m8[38;2;138;188;253mb[38;2;135;183;247m [38;2;131;179;242m`[38;2;128;174;236mY[38;2;124;170;231m8[38;2;121;165;225m8[38;2;117;160;220m8[38;2;114;156;214m8[38;2;110;151;209m8[38;2;107;147;203m8[38;2;103;142;198m8[38;2;99;137;192m8[38;2;96;133;187m8[38;2;92;128;182m8[38;2;89;124;176m8[38;2;85;119;171m8[38;2;82;115;165m8[0m
[38;2;209;78;103m [38;2;214;73;95m [38;2;220;69;88m [38;2;225;64;80m [38;2;231;59;72m [38;2;236;55;65m [38;2;242;50;57m [38;2;247;46;50m [38;2;253;41;42m [38;2;252;43;45m [38;2;248;48;52m [38;2;244;54;60m [38;2;240;59;67m [38;2;236;64;75m [38;2;232;70;83m [38;2;227;75;90m [38;2;223;80;98m [38;2;219;85;105m [38;2;215;91;113m [38;2;211;96;120m [38;2;207;101;128m [38;2;203;107;136m8[38;2;199;112;143m8[38;2;195;117;151m8[38;2;191;122;158m"[38;2;187;128;166mY[38;2;183;133;174m8[38;2;179;138;181m8[38;2;175;144;189mK[38;2;171;149;196m"[38;2;167;154;204m [38;2;163;160;212m [38;2;158;165;219m [38;2;154;170;227m [38;2;150;175;234m [38;2;146;181;242m [38;2;142;186;249mY[38;2;138;188;253m8[38;2;135;183;247m8[38;2;131;179;242mb[38;2;128;174;236m [38;2;124;170;231md[38;2;121;165;225mP[38;2;117;160;220mY[38;2;114;156;214m8[38;2;110;151;209m8[38;2;107;147;203m8[38;2;103;142;198m8[38;2;99;137;192m8[38;2;96;133;187m8[38;2;92;128;182m8[38;2;89;124;176m8[38;2;85;119;171m8[38;2;82;115;165m8[38;2;78;110;160mP[0m
[38;2;214;73;95m [38;2;220;69;88m [38;2;225;64;80m [38;2;231;59;72m [38;2;236;55;65m [38;2;242;50;57m [38;2;247;46;50m [38;2;253;41;42m [38;2;252;43;45m [38;2;248;48;52m [38;2;244;54;60m [38;2;240;59;67m [38;2;236;64;75m [38;2;232;70;83m [38;2;227;75;90m [38;2;223;80;98m [38;2;219;85;105m [38;2;215;91;113m [38;2;211;96;120m [38;2;207;101;128m [38;2;203;107;136m [38;2;199;112;143m8[38;2;195;117;151m8[38;2;191;122;158m8[38;2;187;128;166m [38;2;183;133;174m [38;2;179;138;181mY[38;2;175;144;189m8[38;2;171;149;196m8[38;2;167;154;204mb[38;2;163;160;212m [38;2;158;165;219m [38;2;154;170;227m [38;2;150;175;234m [38;2;146;181;242m [38;2;142;186;249m [38;2;138;188;253m [38;2;135;183;247mY[38;2;131;179;242m8[38;2;128;174;236m8[38;2;124;170;231md[38;2;121;165;225mP[38;2;117;160;220m [38;2;114;156;214m [38;2;110;151;209m`[38;2;107;147;203mY[38;2;103;142;198m8[38;2;99;137;192m8[38;2;96;133;187m8[38;2;92;128;182m8[38;2;89;124;176m8[38;2;85;119;171m8[38;2;82;115;165m8[38;2;78;110;160m8[38;2;75;105;154mb[0m
[38;2;220;69;88m [38;2;225;64;80m [38;2;231;59;72m [38;2;236;55;65m [38;2;242;50;57m [38;2;247;46;50m [38;2;253;41;42m [38;2;252;43;45m [38;2;248;48;52m [38;2;244;54;60m [38;2;240;59;67m [38;2;236;64;75m [38;2;232;70;83m [38;2;227;75;90m [38;2;223;80;98m [38;2;219;85;105m [38;2;215;91;113m [38;2;211;96;120m [38;2;207;101;128m [38;2;203;107;136m [38;2;199;112;143m [38;2;195;117;151m8[38;2;191;122;158m8[38;2;187;128;166m8[38;2;183;133;174m [38;2;179;138;181m [38;2;175;144;189m [38;2;171;149;196mY[38;2;167;154;204m8[38;2;163;160;212m8[38;2;158;165;219mb[38;2;154;170;227m [38;2;150;175;234m [38;2;146;181;242m [38;2;142;186;249m [38;2;138;188;253m [38;2;135;183;247m [38;2;131;179;242m [38;2;128;174;236mY[38;2;124;170;231m8[38;2;121;165;225mP[38;2;117;160;220m [38;2;114;156;214m [38;2;110;151;209m [38;2;107;147;203m [38;2;103;142;198m [38;2;99;137;192m`[38;2;96;133;187mY[38;2;92;128;182m8[38;2;89;124;176m8[38;2;85;119;171m8[38;2;82;115;165m8[38;2;78;110;160m8[38;2;75;105;154m8[38;2;71;101;149m8[0m
[38;2;225;64;80m [38;2;231;59;72m [38;2;236;55;65m [38;2;242;50;57m [38;2;247;46;50m [38;2;253;41;42m [38;2;252;43;45m [38;2;248;48;52m [38;2;244;54;60m [38;2;240;59;67m [38;2;236;64;75m [38;2;232;70;83m [38;2;227;75;90m [38;2;223;80;98m [38;2;219;85;105m [38;2;215;91;113m [38;2;211;96;120m [38;2;207;101;128m [38;2;203;107;136m [38;2;199;112;143m.[38;2;195;117;151md[38;2;191;122;158m8[38;2;187;128;166m8[38;2;183;133;174m8[38;2;179;138;181mb[38;2;175;144;189m.[38;2;171;149;196m [38;2;167;154;204m [38;2;163;160;212mY[38;2;158;165;219m8[38;2;154;170;227m8[38;2;150;175;234mb[38;2;146;181;242m.[38;2;142;186;249m [38;2;138;188;253m [38;2;135;183;247m [38;2;131;179;242m [38;2;128;174;236m [38;2;124;170;231m [38;2;121;165;225mY[38;2;117;160;220m [38;2;114;156;214m [38;2;110;151;209m [38;2;107;147;203m [38;2;103;142;198m [38;2;99;137;192m [38;2;96;133;187m [38;2;92;128;182m [38;2;89;124;176m`[38;2;85;119;171mY[38;2;82;115;165m8[38;2;78;110;160m8[38;2;75;105;154m8[38;2;71;101;149m8[38;2;68;96;143m8[0m
[38;2;231;59;72m [38;2;236;55;65m [38;2;242;50;57m [38;2;247;46;50m [38;2;253;41;42m [38;2;252;43;45m [38;2;248;48;52m [38;2;244;54;60m [38;2;240;59;67m [38;2;236;64;75m [38;2;232;70;83m [38;2;227;75;90m [38;2;223;80;98m [38;2;219;85;105m [38;2;215;91;113m [38;2;211;96;120m [38;2;207;101;128m [38;2;203;107;136m [38;2;199;112;143m [38;2;195;117;151m [38;2;191;122;158m [38;2;187;128;166m [38;2;183;133;174m [38;2;179;138;181m [38;2;175;144;189m [38;2;171;149;196m [38;2;167;154;204m [38;2;163;160;212m [38;2;158;165;219m [38;2;154;170;227m [38;2;150;175;234m [38;2;146;181;242m [38;2;142;186;249m [38;2;138;188;253m [38;2;135;183;247m [38;2;131;179;242m [38;2;128;174;236m [38;2;124;170;231m [38;2;121;165;225m [38;2;117;160;220m [38;2;114;156;214m [38;2;110;151;209m [38;2;107;147;203m [38;2;103;142;198m [38;2;99;137;192m [38;2;96;133;187m [38;2;92;128;182m [38;2;89;124;176m [38;2;85;119;171m [38;2;82;115;165m [38;2;78;110;160m`[38;2;75;105;154mY[38;2;71;101;149m8[38;2;68;96;143m8[38;2;64;92;138mK[0m
[38;2;236;55;65m [38;2;242;50;57m [38;2;247;46;50m [38;2;253;41;42m [38;2;252;43;45m [38;2;248;48;52m [38;2;244;54;60m [38;2;240;59;67m [38;2;236;64;75m [38;2;232;70;83m [38;2;227;75;90m [38;2;223;80;98m [38;2;219;85;105m [38;2;215;91;113m [38;2;211;96;120m [38;2;207;101;128m [38;2;203;107;136m [38;2;199;112;143m [38;2;195;117;151m [38;2;191;122;158m [38;2;187;128;166m [38;2;183;133;174m [38;2;179;138;181m [38;2;175;144;189m [38;2;171;149;196m [38;2;167;154;204m [38;2;163;160;212m [38;2;158;165;219m [38;2;154;170;227m [38;2;150;175;234m [38;2;146;181;242m [38;2;142;186;249m [38;2;138;188;253m [38;2;135;183;247m [38;2;131;179;242m [38;2;128;174;236m [38;2;124;170;231m [38;2;121;165;225m [38;2;117;160;220m [38;2;114;156;214m [38;2;110;151;209m [38;2;107;147;203m [38;2;103;142;198m [38;2;99;137;192m [38;2;96;133;187m [38;2;92;128;182m [38;2;89;124;176m [38;2;85;119;171m [38;2;82;115;165m [38;2;78;110;160m [38;2;75;105;154m [38;2;71;101;149m [38;2;68;96;143m`[38;2;64;92;138mY[38;2;61;87;132m8[0m
[38;2;242;50;57m [38;2;247;46;50m [38;2;253;41;42m [38;2;252;43;45m [38;2;248;48;52m [38;2;244;54;60m [38;2;240;59;67m [38;2;236;64;75m [38;2;232;70;83m [38;2;227;75;90m [38;2;223;80;98m [38;2;219;85;105m [38;2;215;91;113m [38;2;211;96;120m [38;2;207;101;128m [38;2;203;107;136m [38;2;199;112;143m [38;2;195;117;151m [38;2;191;122;158m [38;2;187;128;166m [38;2;183;133;174m [38;2;179;138;181m [38;2;175;144;189m [38;2;171;149;196m [38;2;167;154;204m [38;2;163;160;212m [38;2;158;165;219m [38;2;154;170;227m [38;2;150;175;234m [38;2;146;181;242m [38;2;142;186;249m [38;2;138;188;253m [38;2;135;183;247m [38;2;131;179;242m [38;2;128;174;236m [38;2;124;170;231m [38;2;121;165;225m [38;2;117;160;220m [38;2;114;156;214m [38;2;110;151;209m [38;2;107;147;203m [38;2;103;142;198m [38;2;99;137;192m [38;2;96;133;187m [38;2;92;128;182m [38;2;89;124;176m [38;2;85;119;171m [38;2;82;115;165m [38;2;78;110;160m [38;2;75;105;154m [38;2;71;101;149m [38;2;68;96;143m [38;2;64;92;138m [38;2;61;87;132m [38;2;57;82;127m'[0m
[38;2;247;46;50m [38;2;253;41;42m [38;2;252;43;45m [38;2;248;48;52m [38;2;244;54;60mG[38;2;240;59;67mO[38;2;236;64;75mD[38;2;232;70;83m'[38;2;227;75;90mS[38;2;223;80;98m [38;2;219;85;105mI[38;2;215;91;113mN[38;2;211;96;120m [38;2;207;101;128mH[38;2;203;107;136mI[38;2;199;112;143mS[38;2;195;117;151m [38;2;191;122;158mH[38;2;187;128;166mE[38;2;183;133;174mA[38;2;179;138;181mV[38;2;175;144;189mE[38;2;171;149;196mN[38;2;167;154;204m.[38;2;163;160;212m [38;2;158;165;219mA[38;2;154;170;227mL[38;2;150;175;234mL[38;2;146;181;242m'[38;2;142;186;249mS[38;2;138;188;253m [38;2;135;183;247mR[38;2;131;179;242mI[38;2;128;174;236mG[38;2;124;170;231mH[38;2;121;165;225mT[38;2;117;160;220m [38;2;114;156;214mW[38;2;110;151;209mI[38;2;107;147;203mT[38;2;103;142;198mH[38;2;99;137;192m [38;2;96;133;187mT[38;2;92;128;182mH[38;2;89;124;176mE[38;2;85;119;171m [38;2;82;115;165mW[38;2;78;110;160mO[38;2;75;105;154mR[38;2;71;101;149mL[38;2;68;96;143mD[38;2;64;92;138m.[0m
