[38;2;100;170;255m⠀[38;2;100;170;255m⠀[38;2;105;165;248m⠀[38;2;110;161;241m⠀[38;2;115;157;234m⠀[38;2;120;153;227m⠀[38;2;125;149;220m⠀[38;2;130;144;213m⠀[38;2;135;140;206m⠀[38;2;140;136;199m⠀[38;2;145;132;192m⠀[38;2;150;128;185m⠀[38;2;155;123;178m⠀[38;2;160;119;171m⠀[38;2;165;115;164m⠀[38;2;170;111;157m⠀[38;2;175;107;150m⠀[38;2;180;102;144m⠀[38;2;185;98;137m⠀[38;2;190;94;130m⠀[38;2;195;90;123m⠀[38;2;200;86;116m⠀[38;2;205;81;109m⠀[38;2;210;77;102m⠀[38;2;215;73;95m⠀[38;2;220;69;88m⠀[38;2;225;65;81m⠀[38;2;230;60;74m⠀[38;2;235;56;67m⠀[38;2;240;52;60m⠀[38;2;245;48;53m⠀[38;2;250;44;46m⠀[38;2;255;40;40m⠀[38;2;251;44;46m⣀[38;2;247;49;53m⣀[38;2;243;54;60m⠀[38;2;240;59;67m⣀[38;2;236;64;74m⣀[38;2;232;69;81m⡀[38;2;229;73;88m⠀[38;2;225;78;95m⠀[38;2;221;83;102m⣀[38;2;217;88;109m⣀[38;2;214;93;116m⣀[38;2;210;98;123m⠀[38;2;206;102;130m⠀[38;2;203;107;137m⠀[38;2;199;112;144m⠀[38;2;195;117;150m⠀[38;2;191;122;157m⠀[38;2;188;127;164m⠀[38;2;184;131;171m⠀[38;2;180;136;178m⠀[38;2;177;141;185m⠀[38;2;173;146;192m⠀[38;2;169;151;199m⠀[38;2;165;156;206m⠀[38;2;162;160;213m⠀[38;2;158;165;220m⠀[38;2;154;170;227m⠀[38;2;151;175;234m⠀[38;2;147;180;241m⠀[0m
[38;2;100;170;255m⠀[38;2;105;165;248m⠀[38;2;110;161;241m⠀[38;2;115;157;234m⠀[38;2;120;153;227m⠀[38;2;125;149;220m⠀[38;2;130;144;213m⠀[38;2;135;140;206m⠀[38;2;140;136;199m⠀[38;2;145;132;192m⠀[38;2;150;128;185m⠀[38;2;155;123;178m⠀[38;2;160;119;171m⠀[38;2;165;115;164m⠀[38;2;170;111;157m⠀[38;2;175;107;150m⠀[38;2;180;102;144m⠀[38;2;185;98;137m⠀[38;2;190;94;130m⠀[38;2;195;90;123m⠀[38;2;200;86;116m⠀[38;2;205;81;109m⠀[38;2;210;77;102m⠀[38;2;215;73;95m⠀[38;2;220;69;88m⠀[38;2;225;65;81m⢀[38;2;230;60;74m⣠[38;2;235;56;67m⠤[38;2;240;52;60m⠔[38;2;245;48;53m⠒[38;2;250;44;46m⠊[38;2;255;40;40m⠉[38;2;251;44;46m⠉[38;2;247;49;53m⠁[38;2;243;54;60m⠀[38;2;240;59;67m⠀[38;2;236;64;74m⠀[38;2;232;69;81m⠀[38;2;229;73;88m⠀[38;2;225;78;95m⠀[38;2;221;83;102m⠀[38;2;217;88;109m⠀[38;2;214;93;116m⠀[38;2;210;98;123m⠀[38;2;206;102;130m⠉[38;2;203;107;137m⠓[38;2;199;112;144m⢄[38;2;195;117;150m⠀[38;2;191;122;157m⠀[38;2;188;127;164m⠀[38;2;184;131;171m⠀[38;2;180;136;178m⠀[38;2;177;141;185m⠀[38;2;173;146;192m⠀[38;2;169;151;199m⠀[38;2;165;156;206m⠀[38;2;162;160;213m⠀[38;2;158;165;220m⠀[38;2;154;170;227m⠀[38;2;151;175;234m⠀[38;2;147;180;241m⠀[38;2;143;185;248m⠀[0m
[38;2;105;165;248m⠀[38;2;110;161;241m⠀[38;2;115;157;234m⠀[38;2;120;153;227m⠀[38;2;125;149;220m⠀[38;2;130;144;213m⠀[38;2;135;140;206m⠀[38;2;140;136;199m⠀[38;2;145;132;192m⠀[38;2;150;128;185m⠀[38;2;155;123;178m⠀[38;2;160;119;171m⠀[38;2;165;115;164m⠀[38;2;170;111;157m⠀[38;2;175;107;150m⠀[38;2;180;102;144m⠀[38;2;185;98;137m⠀[38;2;190;94;130m⠀[38;2;195;90;123m⠀[38;2;200;86;116m⠀[38;2;205;81;109m⠀[38;2;210;77;102m⠀[38;2;215;73;95m⠀[38;2;220;69;88m⡠[38;2;225;65;81m⠚[38;2;230;60;74m⠉[38;2;235;56;67m⠀[38;2;240;52;60m⠀[38;2;245;48;53m⠀[38;2;250;44;46m⠀[38;2;255;40;40m⠀[38;2;251;44;46m⠀[38;2;247;49;53m⠀[38;2;243;54;60m⠀[38;2;240;59;67m⠀[38;2;236;64;74m⠀[38;2;232;69;81m⢀[38;2;229;73;88m⠀[38;2;225;78;95m⢠[38;2;221;83;102m⡀[38;2;217;88;109m⠀[38;2;214;93;116m⠀[38;2;210;98;123m⠀[38;2;206;102;130m⠀[38;2;203;107;137m⠀[38;2;199;112;144m⠀[38;2;195;117;150m⠀[38;2;191;122;157m⠹[38;2;188;127;164m⡗[38;2;184;131;171m⢤[38;2;180;136;178m⡀[38;2;177;141;185m⠀[38;2;173;146;192m⠀[38;2;169;151;199m⠀[38;2;165;156;206m⠀[38;2;162;160;213m⠀[38;2;158;165;220m⠀[38;2;154;170;227m⠀[38;2;151;175;234m⠀[38;2;147;180;241m⠀[38;2;143;185;248m⠀[38;2;140;190;255m⠀[0m
[38;2;110;161;241m⠀[38;2;115;157;234m⠀[38;2;120;153;227m⠀[38;2;125;149;220m⠀[38;2;130;144;213m⠀[38;2;135;140;206m⠀[38;2;140;136;199m⠀[38;2;145;132;192m⠀[38;2;150;128;185m⠀[38;2;155;123;178m⠀[38;2;160;119;171m⠀[38;2;165;115;164m⠀[38;2;170;111;157m⠀[38;2;175;107;150m⠀[38;2;180;102;144m⠀[38;2;185;98;137m⠀[38;2;190;94;130m⠀[38;2;195;90;123m⠀[38;2;200;86;116m⠀[38;2;205;81;109m⠀[38;2;210;77;102m⠀[38;2;215;73;95m⢠[38;2;220;69;88m⠎[38;2;225;65;81m⠀[38;2;230;60;74m⠀[38;2;235;56;67m⠀[38;2;240;52;60m⢀[38;2;245;48;53m⠔[38;2;250;44;46m⠀[38;2;255;40;40m⠀[38;2;251;44;46m⠀[38;2;247;49;53m⠀[38;2;243;54;60m⠀[38;2;240;59;67m⠀[38;2;236;64;74m⠀[38;2;232;69;81m⣠[38;2;229;73;88m⢿[38;2;225;78;95m⠀[38;2;221;83;102m⢸[38;2;217;88;109m⠙[38;2;214;93;116m⢦[38;2;210;98;123m⡀[38;2;206;102;130m⠀[38;2;203;107;137m⢢[38;2;199;112;144m⡀[38;2;195;117;150m⠀[38;2;191;122;157m⠀[38;2;188;127;164m⠀[38;2;184;131;171m⡘[38;2;180;136;178m6[38;2;177;141;185m⠉[38;2;173;146;192m⠑[38;2;169;151;199m⠢[38;2;165;156;206m⣀[38;2;162;160;213m⠀[38;2;158;165;220m⠀[38;2;154;170;227m⠀[38;2;151;175;234m⠀[38;2;147;180;241m⠀[38;2;143;185;248m⠀[38;2;140;190;255m⠀[38;2;136;185;250m⠀[0m
[38;2;115;157;234m⠀[38;2;120;153;227m⠀[38;2;125;149;220m⠀[38;2;130;144;213m⠀[38;2;135;140;206m⠀[38;2;140;136;199m⠀[38;2;145;132;192m⠀[38;2;150;128;185m⠀[38;2;155;123;178m⠀[38;2;160;119;171m⠀[38;2;165;115;164m⠀[38;2;170;111;157m⠀[38;2;175;107;150m⠀[38;2;180;102;144m⠀[38;2;185;98;137m⠀[38;2;190;94;130m⠀[38;2;195;90;123m⠀[38;2;200;86;116m⠀[38;2;205;81;109m⠀[38;2;210;77;102m⢀[38;2;215;73;95m⠔[38;2;220;69;88m⠋[38;2;225;65;81m⠀[38;2;230;60;74m⠀[38;2;235;56;67m⠀[38;2;240;52;60m⡴[38;2;245;48;53m⠁[38;2;250;44;46m⠀[38;2;255;40;40m⠀[38;2;251;44;46m⠀[38;2;247;49;53m⠀[38;2;243;54;60m⠀[38;2;240;59;67m⠀[38;2;236;64;74m⠀[38;2;232;69;81m⡴[38;2;229;73;88m⠁[38;2;225;78;95m⠈[38;2;221;83;102m⣇[38;2;217;88;109m⡜[38;2;214;93;116m⠀[38;2;210;98;123m⠀[38;2;206;102;130m⠙[38;2;203;107;137m⢦[38;2;199;112;144m⡀[38;2;195;117;150m⢻[38;2;191;122;157m⢦[38;2;188;127;164m⡀[38;2;184;131;171m⠀[38;2;180;136;178m⠱[38;2;177;141;185m⣦[38;2;173;146;192m⡀[38;2;169;151;199m⠀[38;2;165;156;206m⠀[38;2;162;160;213m⠈[38;2;158;165;220m⢷[38;2;154;170;227m⠒[38;2;151;175;234m⠀[38;2;147;180;241m⠀[38;2;143;185;248m⠀[38;2;140;190;255m⠀[38;2;136;185;250m⠀[38;2;133;181;244m⠀[0m
[38;2;120;153;227m⠀[38;2;125;149;220m⠀[38;2;130;144;213m⠀[38;2;135;140;206m⠀[38;2;140;136;199m⠀[38;2;145;132;192m⠀[38;2;150;128;185m⠀[38;2;155;123;178m⠀[38;2;160;119;171m⠀[38;2;165;115;164m⠀[38;2;170;111;157m⠀[38;2;175;107;150m⠀[38;2;180;102;144m⠀[38;2;185;98;137m⠀[38;2;190;94;130m⠀[38;2;195;90;123m⠀[38;2;200;86;116m⠀[38;2;205;81;109m⠀[38;2;210;77;102m⢠[38;2;215;73;95m⠋[38;2;220;69;88m⠀[38;2;225;65;81m⠀[38;2;230;60;74m⠀[38;2;235;56;67m⠀[38;2;240;52;60m⠚[38;2;245;48;53m⠀[38;2;250;44;46m⠀[38;2;255;40;40m⠀[38;2;251;44;46m⠀[38;2;247;49;53m⠀[38;2;243;54;60m⡠[38;2;240;59;67m⡿[38;2;236;64;74m⢀[38;2;232;69;81m⡞[38;2;229;73;88m⠀[38;2;225;78;95m⠀[38;2;221;83;102m⠀[38;2;217;88;109m⠸[38;2;214;93;116m⠇[38;2;210;98;123m⠀[38;2;206;102;130m⠀[38;2;203;107;137m⠀[38;2;199;112;144m⠀[38;2;195;117;150m⠙[38;2;191;122;157m⢮[38;2;188;127;164m⣧[38;2;184;131;171m⠱[38;2;180;136;178m⣄[38;2;177;141;185m⠀[38;2;173;146;192m⠙[38;2;169;151;199m⣍[38;2;165;156;206m⢢[38;2;162;160;213m⡀[38;2;158;165;220m⠀[38;2;154;170;227m⠈[38;2;151;175;234m⢧[38;2;147;180;241m⠀[38;2;143;185;248m⠀[38;2;140;190;255m⠀[38;2;136;185;250m⠀[38;2;133;181;244m⠀[38;2;130;177;239m⠀[0m
[38;2;125;149;220m⠀[38;2;130;144;213m⠀[38;2;135;140;206m⠀[38;2;140;136;199m⠀[38;2;145;132;192m⠀[38;2;150;128;185m⠀[38;2;155;123;178m⠀[38;2;160;119;171m⠀[38;2;165;115;164m⠀[38;2;170;111;157m⠀[38;2;175;107;150m⠀[38;2;180;102;144m⠀[38;2;185;98;137m⠀[38;2;190;94;130m⠀[38;2;195;90;123m⠀[38;2;200;86;116m⠀[38;2;205;81;109m⠀[38;2;210;77;102m⢠[38;2;215;73;95m⢧[38;2;220;69;88m⠀[38;2;225;65;81m⠀[38;2;230;60;74m⠀[38;2;235;56;67m⠀[38;2;240;52;60m⢠[38;2;245;48;53m⢣[38;2;250;44;46m⠃[38;2;255;40;40m⠀[38;2;251;44;46m⢀[38;2;247;49;53m⡴[38;2;243;54;60m⠋[38;2;240;59;67m⣰[38;2;236;64;74m⢁[38;2;232;69;81m⡞[38;2;229;73;88m⠀[38;2;225;78;95m⡄[38;2;221;83;102m⠀[38;2;217;88;109m⡶[38;2;214;93;116m⠀[38;2;210;98;123m⠀[38;2;206;102;130m⠀[38;2;203;107;137m⠀[38;2;199;112;144m⠀[38;2;195;117;150m⠀[38;2;191;122;157m⠀[38;2;188;127;164m⠀[38;2;184;131;171m⠁[38;2;180;136;178m⠀[38;2;177;141;185m⠈[38;2;173;146;192m⢣[38;2;169;151;199m⣢[38;2;165;156;206m⡘[38;2;162;160;213m⣆[38;2;158;165;220m⠙[38;2;154;170;227m⣄[38;2;151;175;234m⡄[38;2;147;180;241m⠘[38;2;143;185;248m⣇[38;2;140;190;255m⠀[38;2;136;185;250m⠀[38;2;133;181;244m⠀[38;2;130;177;239m⠀[38;2;127;173;234m⠀[0m
[38;2;130;144;213m⠀[38;2;135;140;206m⠀[38;2;140;136;199m⠀[38;2;145;132;192m⠀[38;2;150;128;185m⠀[38;2;155;123;178m⠀[38;2;160;119;171m⢀[38;2;165;115;164m⣠[38;2;170;111;157m⠤[38;2;175;107;150m⢤[38;2;180;102;144m⣀[38;2;185;98;137m⠀[38;2;190;94;130m⣠[38;2;195;90;123m⠔[38;2;200;86;116m⠂[38;2;205;81;109m⠀[38;2;210;77;102m⢀[38;2;215;73;95m⣿[38;2;220;69;88m⠃[38;2;225;65;81m⢠[38;2;230;60;74m⡞[38;2;235;56;67m⠀[38;2;240;52;60m⢠[38;2;245;48;53m⣣[38;2;250;44;46m⠃[38;2;255;40;40m⢀[38;2;251;44;46m⠔[38;2;247;49;53m⠁[38;2;243;54;60m⠀[38;2;240;59;67m⢀[38;2;236;64;74m⡇[38;2;232;69;81m⡞[38;2;229;73;88m⢰[38;2;225;78;95m⢳[38;2;221;83;102m⠃[38;2;217;88;109m⣰[38;2;214;93;116m⡇[38;2;210;98;123m⠀[38;2;206;102;130m⡄[38;2;203;107;137m⠀[38;2;199;112;144m⠀[38;2;195;117;150m⠀[38;2;191;122;157m⢀[38;2;188;127;164m⠀[38;2;184;131;171m⠀[38;2;180;136;178m⠀[38;2;177;141;185m⠀[38;2;173;146;192m⠹[38;2;169;151;199m⡄[38;2;165;156;206m⠹[38;2;162;160;213m⣿[38;2;158;165;220m⣮[38;2;154;170;227m⢣[38;2;151;175;234m⡈[38;2;147;180;241m⠻[38;2;143;185;248m⡀[38;2;140;190;255m⠘[38;2;136;185;250m⣆[38;2;133;181;244m⠀[38;2;130;177;239m⠀[38;2;127;173;234m⠀[38;2;123;169;229m⠀[0m
[38;2;135;140;206m⠀[38;2;140;136;199m⠀[38;2;145;132;192m⠀[38;2;150;128;185m⠀[38;2;155;123;178m⢀[38;2;160;119;171m⠴[38;2;165;115;164m⠚[38;2;170;111;157m⠁[38;2;175;107;150m⠀[38;2;180;102;144m⠀[38;2;185;98;137m⢨[38;2;190;94;130m⠍[38;2;195;90;123m⠀[38;2;200;86;116m⠀[38;2;205;81;109m⠀[38;2;210;77;102m⠀[38;2;215;73;95m⠸[38;2;220;69;88m⣷[38;2;225;65;81m⣰[38;2;230;60;74m⣿[38;2;235;56;67m⡤[38;2;240;52;60m⢶[38;2;245;48;53m⣿[38;2;250;44;46m⠇[38;2;255;40;40m⣰[38;2;251;44;46m⠋[38;2;247;49;53m⣠[38;2;243;54;60m⠞[38;2;240;59;67m⢀[38;2;236;64;74m⣼[38;2;232;69;81m⣰[38;2;229;73;88m⠃[38;2;225;78;95m⣾[38;2;221;83;102m⣿[38;2;217;88;109m⢀[38;2;214;93;116m⡇[38;2;210;98;123m⡇[38;2;206;102;130m⠀[38;2;203;107;137m⣿[38;2;199;112;144m⠀[38;2;195;117;150m⠀[38;2;191;122;157m⠀[38;2;188;127;164m⠘[38;2;184;131;171m⣆[38;2;180;136;178m⠀[38;2;177;141;185m⠀[38;2;173;146;192m⠀[38;2;169;151;199m⠀[38;2;165;156;206m⢻[38;2;162;160;213m⡀[38;2;158;165;220m⠘[38;2;154;170;227m⡿[38;2;151;175;234m⣿[38;2;147;180;241m⢷[38;2;143;185;248m⠀[38;2;140;190;255m⢳[38;2;136;185;250m⡀[38;2;133;181;244m⠘[38;2;130;177;239m⣆[38;2;127;173;234m⠀[38;2;123;169;229m⠀[38;2;120;164;224m⠀[0m
[38;2;140;136;199m⠀[38;2;145;132;192m⠀[38;2;150;128;185m⠀[38;2;155;123;178m⠀[38;2;160;119;171m⠉[38;2;165;115;164m⠀[38;2;170;111;157m⠀[38;2;175;107;150m⠀[38;2;180;102;144m⠀[38;2;185;98;137m⠀[38;2;190;94;130m⠀[38;2;195;90;123m⠀[38;2;200;86;116m⠀[38;2;205;81;109m⠀[38;2;210;77;102m⠀[38;2;215;73;95m⠀[38;2;220;69;88m⠀[38;2;225;65;81m⣯[38;2;230;60;74m⡟[38;2;235;56;67m⠁[38;2;240;52;60m⣰[38;2;245;48;53m⠋[38;2;250;44;46m⣸[38;2;255;40;40m⢰[38;2;251;44;46m⢃[38;2;247;49;53m⢾[38;2;243;54;60m⣏[38;2;240;59;67m⡟[38;2;236;64;74m⠁[38;2;232;69;81m⠀[38;2;229;73;88m⣿[38;2;225;78;95m⣴[38;2;221;83;102m⢿[38;2;217;88;109m⣿[38;2;214;93;116m⣸[38;2;210;98;123m⠀[38;2;206;102;130m⢳[38;2;203;107;137m⠀[38;2;199;112;144m⣿[38;2;195;117;150m⡆[38;2;191;122;157m⢀[38;2;188;127;164m⡀[38;2;184;131;171m⠀[38;2;180;136;178m⠸[38;2;177;141;185m⣦[38;2;173;146;192m⢀[38;2;169;151;199m⠀[38;2;165;156;206m⠀[38;2;162;160;213m⣧[38;2;158;165;220m⣷[38;2;154;170;227m⡀[38;2;151;175;234m⢹[38;2;147;180;241m⠘[38;2;143;185;248m⣾[38;2;140;190;255m⡆[38;2;136;185;250m⠀[38;2;133;181;244m⢣[38;2;130;177;239m⠙[38;2;127;173;234m⡌[38;2;123;169;229m⢧[38;2;120;164;224m⡀[38;2;117;160;219m⠀[0m
[38;2;145;132;192m⠀[38;2;150;128;185m⠀[38;2;155;123;178m⠀[38;2;160;119;171m⠀[38;2;165;115;164m⠀[38;2;170;111;157m⠀[38;2;175;107;150m⠀[38;2;180;102;144m⠀[38;2;185;98;137m⠀[38;2;190;94;130m⠀[38;2;195;90;123m⠀[38;2;200;86;116m⡀[38;2;205;81;109m⠀[38;2;210;77;102m⠀[38;2;215;73;95m⠀[38;2;220;69;88m⠀[38;2;225;65;81m⠀[38;2;230;60;74m⢻[38;2;235;56;67m⢀[38;2;240;52;60m⡤[38;2;245;48;53m⠖[38;2;250;44;46m⠋[38;2;255;40;40m⣹[38;2;251;44;46m⣯[38;2;247;49;53m⠏[38;2;243;54;60m⣼[38;2;240;59;67m⡏[38;2;236;64;74m⠀[38;2;232;69;81m⠀[38;2;229;73;88m⣀[38;2;225;78;95m⣼[38;2;221;83;102m⣿[38;2;217;88;109m⣾[38;2;214;93;116m⣿[38;2;210;98;123m⡿[38;2;206;102;130m⢀[38;2;203;107;137m⣈[38;2;199;112;144m⣷[38;2;195;117;150m⣼[38;2;191;122;157m⠽[38;2;188;127;164m⣆[38;2;184;131;171m⢳[38;2;180;136;178m⡄[38;2;177;141;185m⠀[38;2;173;146;192m⣏[38;2;169;151;199m⢿[38;2;165;156;206m⣦[38;2;162;160;213m⠀[38;2;158;165;220m⢸[38;2;154;170;227m⡏[38;2;151;175;234m⢧[38;2;147;180;241m⠘[38;2;143;185;248m⡇[38;2;140;190;255m⠹[38;2;136;185;250m⡇[38;2;133;181;244m⢀[38;2;130;177;239m⠀[38;2;127;173;234m⢣[38;2;123;169;229m⠸[38;2;120;164;224m⡦[38;2;117;160;219m⢷[38;2;114;156;215m⣄[0m
[38;2;150;128;185m⠀[38;2;155;123;178m⠀[38;2;160;119;171m⠀[38;2;165;115;164m⠀[38;2;170;111;157m⠀[38;2;175;107;150m⠀[38;2;180;102;144m⠀[38;2;185;98;137m⠀[38;2;190;94;130m⠀[38;2;195;90;123m⠀[38;2;200;86;116m⠀[38;2;205;81;109m⠁[38;2;210;77;102m⠀[38;2;215;73;95m⠀[38;2;220;69;88m⠀[38;2;225;65;81m⠀[38;2;230;60;74m⠀[38;2;235;56;67m⢸[38;2;240;52;60m⠀[38;2;245;48;53m⣠[38;2;250;44;46m⡶[38;2;255;40;40m⠛[38;2;251;44;46m⠹[38;2;247;49;53m⣟[38;2;243;54;60m⣠[38;2;240;59;67m⣵[38;2;236;64;74m⡵[38;2;232;69;81m⠚[38;2;229;73;88m⠉[38;2;225;78;95m⣀[38;2;221;83;102m⣿[38;2;217;88;109m⠿[38;2;214;93;116m⠗[38;2;210;98;123m⣚[38;2;206;102;130m⣯[38;2;203;107;137m⣩[38;2;199;112;144m⠤[38;2;195;117;150m⠤[38;2;191;122;157m⠽[38;2;188;127;164m⠗[38;2;184;131;171m⢚[38;2;180;136;178m⣻[38;2;177;141;185m⣿[38;2;173;146;192m⡄[38;2;169;151;199m⣿[38;2;165;156;206m⣭[38;2;162;160;213m⣻[38;2;158;165;220m⣆[38;2;154;170;227m⠀[38;2;151;175;234m⡏[38;2;147;180;241m⢹[38;2;143;185;248m⡆[38;2;140;190;255m⡇[38;2;136;185;250m⠀[38;2;133;181;244m⠃[38;2;130;177;239m⠸[38;2;127;173;234m⡆[38;2;123;169;229m⣤[38;2;120;164;224m⣧[38;2;117;160;219m⢣[38;2;114;156;215m⠀[38;2;110;152;210m⠀[0m
[38;2;155;123;178m⠀[38;2;160;119;171m⠀[38;2;165;115;164m⠀[38;2;170;111;157m⠀[38;2;175;107;150m⠀[38;2;180;102;144m⠀[38;2;185;98;137m⠀[38;2;190;94;130m⠀[38;2;195;90;123m⠀[38;2;200;86;116m⠀[38;2;205;81;109m⠀[38;2;210;77;102m⠀[38;2;215;73;95m⠀[38;2;220;69;88m⠀[38;2;225;65;81m⠀[38;2;230;60;74m⠀[38;2;235;56;67m⠀[38;2;240;52;60m⠈[38;2;245;48;53m⡞[38;2;250;44;46m⠁[38;2;255;40;40m⠀[38;2;251;44;46m⠠[38;2;247;49;53m⠖[38;2;243;54;60m⠫[38;2;240;59;67m⢁[38;2;236;64;74m⣴[38;2;232;69;81m⣷[38;2;229;73;88m⣶[38;2;225;78;95m⣯[38;2;221;83;102m⣓[38;2;217;88;109m⣒[38;2;214;93;116m⣋[38;2;210;98;123m⣉[38;2;206;102;130m⣥[38;2;203;107;137m⠤[38;2;199;112;144m⠤[38;2;195;117;150m⠖[38;2;191;122;157m⡖[38;2;188;127;164m⠚[38;2;184;131;171m⠉[38;2;180;136;178m⠉[38;2;177;141;185m⠀[38;2;173;146;192m⠘[38;2;169;151;199m⢧[38;2;165;156;206m⡟[38;2;162;160;213m⠛[38;2;158;165;220m⠓[38;2;154;170;227m⢿[38;2;151;175;234m⢀[38;2;147;180;241m⣏[38;2;143;185;248m⡿[38;2;140;190;255m⣷[38;2;136;185;250m⡇[38;2;133;181;244m⠀[38;2;130;177;239m⠀[38;2;127;173;234m⠀[38;2;123;169;229m⣻[38;2;120;164;224m⣼[38;2;117;160;219m⣿[38;2;114;156;215m⣼[38;2;110;152;210m⠀[38;2;107;148;205m⠀[0m
[38;2;160;119;171m⠀[38;2;165;115;164m⠀[38;2;170;111;157m⠀[38;2;175;107;150m⠀[38;2;180;102;144m⠀[38;2;185;98;137m⠀[38;2;190;94;130m⠀[38;2;195;90;123m⠀[38;2;200;86;116m⠀[38;2;205;81;109m⠀[38;2;210;77;102m⠀[38;2;215;73;95m⠀[38;2;220;69;88m⠀[38;2;225;65;81m⠀[38;2;230;60;74m⠀[38;2;235;56;67m⠀[38;2;240;52;60m⠀[38;2;245;48;53m⠀[38;2;250;44;46m⢧[38;2;255;40;40m⣀[38;2;251;44;46m⡠[38;2;247;49;53m⠤[38;2;243;54;60m⠒[38;2;240;59;67m⠊[38;2;236;64;74m⢹[38;2;232;69;81m⡯[38;2;229;73;88m⡉[38;2;225;78;95m⠙[38;2;221;83;102m⣏[38;2;217;88;109m⣁[38;2;214;93;116m⣸[38;2;210;98;123m⠁[38;2;206;102;130m⢰[38;2;203;107;137m⠇[38;2;199;112;144m⠀[38;2;195;117;150m⠀[38;2;191;122;157m⢰[38;2;188;127;164m⠃[38;2;184;131;171m⠀[38;2;180;136;178m⠀[38;2;177;141;185m⠀[38;2;173;146;192m⠀[38;2;169;151;199m⠘[38;2;165;156;206m⣽[38;2;162;160;213m⣿[38;2;158;165;220m⢷[38;2;154;170;227m⣶[38;2;151;175;234m⣬[38;2;147;180;241m⣿[38;2;143;185;248m⢉[38;2;140;190;255m⣧[38;2;136;185;250m⣿[38;2;133;181;244m⡇[38;2;130;177;239m⢸[38;2;127;173;234m⣶[38;2;123;169;229m⠀[38;2;120;164;224m⣿[38;2;117;160;219m⠈[38;2;114;156;215m⠻[38;2;110;152;210m⣿[38;2;107;148;205m⠀[38;2;104;143;200m⠀[0m
[38;2;165;115;164m⠀[38;2;170;111;157m⠀[38;2;175;107;150m⠀[38;2;180;102;144m⠀[38;2;185;98;137m⠀[38;2;190;94;130m⠀[38;2;195;90;123m⠀[38;2;200;86;116m⠀[38;2;205;81;109m⠀[38;2;210;77;102m⠀[38;2;215;73;95m⠀[38;2;220;69;88m⠀[38;2;225;65;81m⠀[38;2;230;60;74m⠀[38;2;235;56;67m⠀[38;2;240;52;60m⠀[38;2;245;48;53m⠀[38;2;250;44;46m⠀[38;2;255;40;40m⡼[38;2;251;44;46m⠀[38;2;247;49;53m⠀[38;2;243;54;60m⠀[38;2;240;59;67m⠀[38;2;236;64;74m⠀[38;2;232;69;81m⠀[38;2;229;73;88m⢧[38;2;225;78;95m⠈[38;2;221;83;102m⠓[38;2;217;88;109m⣬[38;2;214;93;116m⡻[38;2;210;98;123m⣇[38;2;206;102;130m⣠[38;2;203;107;137m⡟[38;2;199;112;144m⠓[38;2;195;117;150m⠒[38;2;191;122;157m⠒[38;2;188;127;164m⠋[38;2;184;131;171m⠀[38;2;180;136;178m⠀[38;2;177;141;185m⠀[38;2;173;146;192m⠀[38;2;169;151;199m⠀[38;2;165;156;206m⠸[38;2;162;160;213m⣩[38;2;158;165;220m⣿[38;2;154;170;227m⣿[38;2;151;175;234m⡟[38;2;147;180;241m⢻[38;2;143;185;248m⣿[38;2;140;190;255m⠾[38;2;136;185;250m⣻[38;2;133;181;244m⠃[38;2;130;177;239m⣷[38;2;127;173;234m⢸[38;2;123;169;229m⡿[38;2;120;164;224m⣆[38;2;117;160;219m⢿[38;2;114;156;215m⠀[38;2;110;152;210m⠀[38;2;107;148;205m⣿[38;2;104;143;200m⠀[38;2;101;139;195m⠀[0m
[38;2;170;111;157m⠀[38;2;175;107;150m⠀[38;2;180;102;144m⠀[38;2;185;98;137m⠀[38;2;190;94;130m⠀[38;2;195;90;123m⠀[38;2;200;86;116m⠀[38;2;205;81;109m⠀[38;2;210;77;102m⠀[38;2;215;73;95m⠀[38;2;220;69;88m⠀[38;2;225;65;81m⠀[38;2;230;60;74m⠀[38;2;235;56;67m⠈[38;2;240;52;60m⠳[38;2;245;48;53m⣀[38;2;250;44;46m⡀[38;2;255;40;40m⢠[38;2;251;44;46m⠃[38;2;247;49;53m⠀[38;2;243;54;60m⠀[38;2;240;59;67m⠸[38;2;236;64;74m⡄[38;2;232;69;81m⡄[38;2;229;73;88m⠀[38;2;225;78;95m⠈[38;2;221;83;102m⢧[38;2;217;88;109m⠀[38;2;214;93;116m⠘[38;2;210;98;123m⣟[38;2;206;102;130m⢿[38;2;203;107;137m⣯[38;2;199;112;144m⠀[38;2;195;117;150m⠀[38;2;191;122;157m⠀[38;2;188;127;164m⠀[38;2;184;131;171m⡰[38;2;180;136;178m⠋[38;2;177;141;185m⡇[38;2;173;146;192m⡄[38;2;169;151;199m⠀[38;2;165;156;206m⠀[38;2;162;160;213m⠀[38;2;158;165;220m⠀[38;2;154;170;227m⠉[38;2;151;175;234m⠙[38;2;147;180;241m⠒[38;2;143;185;248m⠋[38;2;140;190;255m⠁[38;2;136;185;250m⣼[38;2;133;181;244m⣡[38;2;130;177;239m⠀[38;2;127;173;234m⣾[38;2;123;169;229m⣾[38;2;120;164;224m⠇[38;2;117;160;219m⠘[38;2;114;156;215m⣾[38;2;110;152;210m⡄[38;2;107;148;205m⠀[38;2;104;143;200m⠏[38;2;101;139;195m⠀[38;2;98;135;190m⠀[0m
[38;2;175;107;150m⠀[38;2;180;102;144m⠀[38;2;185;98;137m⠀[38;2;190;94;130m⠀[38;2;195;90;123m⠀[38;2;200;86;116m⠀[38;2;205;81;109m⠀[38;2;210;77;102m⠀[38;2;215;73;95m⠀[38;2;220;69;88m⠀[38;2;225;65;81m⠀[38;2;230;60;74m⠀[38;2;235;56;67m⠀[38;2;240;52;60m⠀[38;2;245;48;53m⠀[38;2;250;44;46m⠀[38;2;255;40;40m⠉[38;2;251;44;46m⣻[38;2;247;49;53m⡞[38;2;243;54;60m⠀[38;2;240;59;67m⠀[38;2;236;64;74m⠀[38;2;232;69;81m⢱[38;2;229;73;88m⣸[38;2;225;78;95m⡄[38;2;221;83;102m⠀[38;2;217;88;109m⠀[38;2;214;93;116m⠳[38;2;210;98;123m⣄[38;2;206;102;130m⠘[38;2;203;107;137m⣆[38;2;199;112;144m⠈[38;2;195;117;150m⠓[38;2;191;122;157m⠀[38;2;188;127;164m⠀[38;2;184;131;171m⠀[38;2;180;136;178m⢇[38;2;177;141;185m⣤[38;2;173;146;192m⣿[38;2;169;151;199m⡇[38;2;165;156;206m⠀[38;2;162;160;213m⠀[38;2;158;165;220m⠀[38;2;154;170;227m⠀[38;2;151;175;234m⠀[38;2;147;180;241m⠀[38;2;143;185;248m⣠[38;2;140;190;255m⠴[38;2;136;185;250m⢚[38;2;133;181;244m⣉[38;2;130;177;239m⣠[38;2;127;173;234m⡴[38;2;123;169;229m⢻[38;2;120;164;224m⡏[38;2;117;160;219m⠀[38;2;114;156;215m⠀[38;2;110;152;210m⠘[38;2;107;148;205m⠿[38;2;104;143;200m⠀[38;2;101;139;195m⠀[38;2;98;135;190m⠀[38;2;94;131;184m⠀[0m
[38;2;180;102;144m⠀[38;2;185;98;137m⠀[38;2;190;94;130m⠀[38;2;195;90;123m⠀[38;2;200;86;116m⠀[38;2;205;81;109m⠀[38;2;210;77;102m⠀[38;2;215;73;95m⠀[38;2;220;69;88m⠀[38;2;225;65;81m⠀[38;2;230;60;74m⠀[38;2;235;56;67m⠀[38;2;240;52;60m⠀[38;2;245;48;53m⠀[38;2;250;44;46m⠀[38;2;255;40;40m⠀[38;2;251;44;46m⢰[38;2;247;49;53m⣿[38;2;243;54;60m⠇[38;2;240;59;67m⢠[38;2;236;64;74m⠀[38;2;232;69;81m⠀[38;2;229;73;88m⠀[38;2;225;78;95m⣷[38;2;221;83;102m⣿[38;2;217;88;109m⠢[38;2;214;93;116m⡀[38;2;210;98;123m⠀[38;2;206;102;130m⠹[38;2;203;107;137m⣷[38;2;199;112;144m⢼[38;2;195;117;150m⣦[38;2;191;122;157m⠀[38;2;188;127;164m⠀[38;2;184;131;171m⠀[38;2;180;136;178m⠀[38;2;177;141;185m⠀[38;2;173;146;192m⠀[38;2;169;151;199m⠋[38;2;165;156;206m⠁[38;2;162;160;213m⠀[38;2;158;165;220m⠀[38;2;154;170;227m⠀[38;2;151;175;234m⠀[38;2;147;180;241m⠐[38;2;143;185;248m⠛[38;2;140;190;255m⢉[38;2;136;185;250m⣿[38;2;133;181;244m⠋[38;2;130;177;239m⢁[38;2;127;173;234m⡼[38;2;123;169;229m⠃[38;2;120;164;224m⠸[38;2;117;160;219m⣿[38;2;114;156;215m⠀[38;2;110;152;210m⠀[38;2;107;148;205m⠀[38;2;104;143;200m⠀[38;2;101;139;195m⠀[38;2;98;135;190m⠀[38;2;94;131;184m⠀[38;2;91;127;179m⠀[0m
[38;2;185;98;137m⠀[38;2;190;94;130m⠀[38;2;195;90;123m⠀[38;2;200;86;116m⠀[38;2;205;81;109m⠀[38;2;210;77;102m⠀[38;2;215;73;95m⠀[38;2;220;69;88m⠀[38;2;225;65;81m⠀[38;2;230;60;74m⠀[38;2;235;56;67m⠀[38;2;240;52;60m⠀[38;2;245;48;53m⠀[38;2;250;44;46m⠀[38;2;255;40;40m⠀[38;2;251;44;46m⠀[38;2;247;49;53m⠈[38;2;243;54;60m⠹[38;2;240;59;67m⡇[38;2;236;64;74m⢸[38;2;232;69;81m⣇[38;2;229;73;88m⢀[38;2;225;78;95m⠀[38;2;221;83;102m⢧[38;2;217;88;109m⢻[38;2;214;93;116m⣦[38;2;210;98;123m⢈[38;2;206;102;130m⣷[38;2;203;107;137m⣄[38;2;199;112;144m⠙[38;2;195;117;150m⣆[38;2;191;122;157m⠉[38;2;188;127;164m⠓[38;2;184;131;171m⠀[38;2;180;136;178m⠐[38;2;177;141;185m⠒[38;2;173;146;192m⠲[38;2;169;151;199m⠄[38;2;165;156;206m⠀[38;2;162;160;213m⠀[38;2;158;165;220m⠀[38;2;154;170;227m⠀[38;2;151;175;234m⠀[38;2;147;180;241m⠀[38;2;143;185;248m⠀[38;2;140;190;255m⣠[38;2;136;185;250m⣾[38;2;133;181;244m⣣[38;2;130;177;239m⠴[38;2;127;173;234m⠋[38;2;123;169;229m⠀[38;2;120;164;224m⢠[38;2;117;160;219m⡀[38;2;114;156;215m⢻[38;2;110;152;210m⡇[38;2;107;148;205m⠀[38;2;104;143;200m⠀[38;2;101;139;195m⠀[38;2;98;135;190m⠀[38;2;94;131;184m⠀[38;2;91;127;179m⠀[38;2;88;122;174m⠀[0m
[38;2;190;94;130m⠀[38;2;195;90;123m⠀[38;2;200;86;116m⠀[38;2;205;81;109m⠀[38;2;210;77;102m⠀[38;2;215;73;95m⠀[38;2;220;69;88m⠀[38;2;225;65;81m⠀[38;2;230;60;74m⠀[38;2;235;56;67m⠀[38;2;240;52;60m⠀[38;2;245;48;53m⠀[38;2;250;44;46m⠀[38;2;255;40;40m⠀[38;2;251;44;46m⠀[38;2;247;49;53m⠀[38;2;243;54;60m⠀[38;2;240;59;67m⠀[38;2;236;64;74m⢳[38;2;232;69;81m⣿[38;2;229;73;88m⢿[38;2;225;78;95m⣸[38;2;221;83;102m⣆[38;2;217;88;109m⢸[38;2;214;93;116m⡀[38;2;210;98;123m⢹[38;2;206;102;130m⣧[38;2;203;107;137m⢿[38;2;199;112;144m⢯[38;2;195;117;150m⣳[38;2;191;122;157m⣸[38;2;188;127;164m⡀[38;2;184;131;171m⠀[38;2;180;136;178m⠀[38;2;177;141;185m⠀[38;2;173;146;192m⠀[38;2;169;151;199m⠀[38;2;165;156;206m⠀[38;2;162;160;213m⠀[38;2;158;165;220m⠀[38;2;154;170;227m⠀[38;2;151;175;234m⠀[38;2;147;180;241m⠀[38;2;143;185;248m⣠[38;2;140;190;255m⡖[38;2;136;185;250m⠿[38;2;133;181;244m⠋[38;2;130;177;239m⠁[38;2;127;173;234m⠀[38;2;123;169;229m⡆[38;2;120;164;224m⠀[38;2;117;160;219m⡾[38;2;114;156;215m⡇[38;2;110;152;210m⠘[38;2;107;148;205m⡇[38;2;104;143;200m⠀[38;2;101;139;195m⠀[38;2;98;135;190m⠀[38;2;94;131;184m⠀[38;2;91;127;179m⠀[38;2;88;122;174m⠀[38;2;85;118;169m⠀[0m
[38;2;195;90;123m⠀[38;2;200;86;116m⠀[38;2;205;81;109m⠀[38;2;210;77;102m⠀[38;2;215;73;95m⠀[38;2;220;69;88m⠀[38;2;225;65;81m⠀[38;2;230;60;74m⠀[38;2;235;56;67m⠀[38;2;240;52;60m⠀[38;2;245;48;53m⠀[38;2;250;44;46m⠀[38;2;255;40;40m⠀[38;2;251;44;46m⠀[38;2;247;49;53m⠀[38;2;243;54;60m⠀[38;2;240;59;67m⠀[38;2;236;64;74m⠀[38;2;232;69;81m⢸[38;2;229;73;88m⡟[38;2;225;78;95m⠈[38;2;221;83;102m⣟[38;2;217;88;109m⣿[38;2;214;93;116m⣷[38;2;210;98;123m⡇[38;2;206;102;130m⢸[38;2;203;107;137m⠈[38;2;199;112;144m⢿[38;2;195;117;150m⡷[38;2;191;122;157m⡙[38;2;188;127;164m⢿[38;2;184;131;171m⣧[38;2;180;136;178m⠀[38;2;177;141;185m⠀[38;2;173;146;192m⠀[38;2;169;151;199m⠀[38;2;165;156;206m⠀[38;2;162;160;213m⠀[38;2;158;165;220m⠀[38;2;154;170;227m⢀[38;2;151;175;234m⡠[38;2;147;180;241m⠖[38;2;143;185;248m⠋[38;2;140;190;255m⠁[38;2;136;185;250m⠀[38;2;133;181;244m⠀[38;2;130;177;239m⠀[38;2;127;173;234m⠀[38;2;123;169;229m⢠[38;2;120;164;224m⡇[38;2;117;160;219m⠀[38;2;114;156;215m⡇[38;2;110;152;210m⣷[38;2;107;148;205m⠀[38;2;104;143;200m⡇[38;2;101;139;195m⠀[38;2;98;135;190m⠀[38;2;94;131;184m⠀[38;2;91;127;179m⠀[38;2;88;122;174m⠀[38;2;85;118;169m⠀[38;2;81;114;164m⠀[0m
[38;2;200;86;116m⠀[38;2;205;81;109m⠀[38;2;210;77;102m⠀[38;2;215;73;95m⠀[38;2;220;69;88m⠀[38;2;225;65;81m⠀[38;2;230;60;74m⠀[38;2;235;56;67m⠀[38;2;240;52;60m⠀[38;2;245;48;53m⠀[38;2;250;44;46m⠀[38;2;255;40;40m⠀[38;2;251;44;46m⠀[38;2;247;49;53m⠀[38;2;243;54;60m⠀[38;2;240;59;67m⠀[38;2;236;64;74m⠀[38;2;232;69;81m⠀[38;2;229;73;88m⠚[38;2;225;78;95m⠃[38;2;221;83;102m⠀[38;2;217;88;109m⣿[38;2;214;93;116m⠇[38;2;210;98;123m⢹[38;2;206;102;130m⠳[38;2;203;107;137m⣘[38;2;199;112;144m⡇[38;2;195;117;150m⠈[38;2;191;122;157m⠃[38;2;188;127;164m⠈[38;2;184;131;171m⢦[38;2;180;136;178m⡙[38;2;177;141;185m⠀[38;2;173;146;192m⠀[38;2;169;151;199m⠀[38;2;165;156;206m⢀[38;2;162;160;213m⣠[38;2;158;165;220m⣴[38;2;154;170;227m⣾[38;2;151;175;234m⣿[38;2;147;180;241m⠀[38;2;143;185;248m⠀[38;2;140;190;255m⢀[38;2;136;185;250m⣇[38;2;133;181;244m⠀[38;2;130;177;239m⢰[38;2;127;173;234m⡀[38;2;123;169;229m⠀[38;2;120;164;224m⢸[38;2;117;160;219m⣧[38;2;114;156;215m⢸[38;2;110;152;210m⣽[38;2;107;148;205m⠸[38;2;104;143;200m⣆[38;2;101;139;195m⡇[38;2;98;135;190m⠀[38;2;94;131;184m⠀[38;2;91;127;179m⠀[38;2;88;122;174m⠀[38;2;85;118;169m⠀[38;2;81;114;164m⠀[38;2;78;110;160m⠀[0m
[38;2;205;81;109m⠀[38;2;210;77;102m⠀[38;2;215;73;95m⠀[38;2;220;69;88m⠀[38;2;225;65;81m⠀[38;2;230;60;74m⠀[38;2;235;56;67m⠀[38;2;240;52;60m⠀[38;2;245;48;53m⠀[38;2;250;44;46m⠀[38;2;255;40;40m⠀[38;2;251;44;46m⠀[38;2;247;49;53m⠀[38;2;243;54;60m⠀[38;2;240;59;67m⠀[38;2;236;64;74m⠀[38;2;232;69;81m⠀[38;2;229;73;88m⠀[38;2;225;78;95m⠀[38;2;221;83;102m⠀[38;2;217;88;109m⠀[38;2;214;93;116m⠀[38;2;210;98;123m⢀[38;2;206;102;130m⡏[38;2;203;107;137m⠀[38;2;199;112;144m⠈[38;2;195;117;150m⢻[38;2;191;122;157m⠄[38;2;188;127;164m⠀[38;2;184;131;171m⠀[38;2;180;136;178m⠀[38;2;177;141;185m⠈[38;2;173;146;192m⠓[38;2;169;151;199m⠒[38;2;165;156;206m⠚[38;2;162;160;213m⠉[38;2;158;165;220m⣸[38;2;154;170;227m⠃[38;2;151;175;234m⠹[38;2;147;180;241m⡟[38;2;143;185;248m⣧[38;2;140;190;255m⠀[38;2;136;185;250m⢸[38;2;133;181;244m⠉[38;2;130;177;239m⢧[38;2;127;173;234m⠘[38;2;123;169;229m⣧[38;2;120;164;224m⠀[38;2;117;160;219m⣿[38;2;114;156;215m⢹[38;2;110;152;210m⢸[38;2;107;148;205m⠇[38;2;104;143;200m⠀[38;2;101;139;195m⣿[38;2;98;135;190m⠃[38;2;94;131;184m⠀[38;2;91;127;179m⠀[38;2;88;122;174m⠀[38;2;85;118;169m⠀[38;2;81;114;164m⠀[38;2;78;110;160m⠀[38;2;75;106;155m⠀[0m
[38;2;210;77;102m⠀[38;2;215;73;95m⠀[38;2;220;69;88m⠀[38;2;225;65;81m⠀[38;2;230;60;74m⠀[38;2;235;56;67m⠀[38;2;240;52;60m⠀[38;2;245;48;53m⠀[38;2;250;44;46m⠀[38;2;255;40;40m⠀[38;2;251;44;46m⠀[38;2;247;49;53m⠀[38;2;243;54;60m⠀[38;2;240;59;67m⠀[38;2;236;64;74m⠀[38;2;232;69;81m⢀[38;2;229;73;88m⡤[38;2;225;78;95m⠚[38;2;221;83;102m⠉[38;2;217;88;109m⠉[38;2;214;93;116m⠒[38;2;210;98;123m⢤[38;2;206;102;130m⡼[38;2;203;107;137m⠁[38;2;199;112;144m⠀[38;2;195;117;150m⠀[38;2;191;122;157m⠘[38;2;188;127;164m⡄[38;2;184;131;171m⠀[38;2;180;136;178m⠀[38;2;177;141;185m⠀[38;2;173;146;192m⠀[38;2;169;151;199m⠀[38;2;165;156;206m⠀[38;2;162;160;213m⠀[38;2;158;165;220m⢀[38;2;154;170;227m⡇[38;2;151;175;234m⠀[38;2;147;180;241m⠀[38;2;143;185;248m⠀[38;2;140;190;255m⠈[38;2;136;185;250m⠳[38;2;133;181;244m⣼[38;2;130;177;239m⡲[38;2;127;173;234m⠈[38;2;123;169;229m⢧[38;2;120;164;224m⡏[38;2;117;160;219m⣧[38;2;114;156;215m⠟[38;2;110;152;210m⣟[38;2;107;148;205m⣿[38;2;104;143;200m⠀[38;2;101;139;195m⠀[38;2;98;135;190m⠉[38;2;94;131;184m⠀[38;2;91;127;179m⠀[38;2;88;122;174m⠀[38;2;85;118;169m⠀[38;2;81;114;164m⠀[38;2;78;110;160m⠀[38;2;75;106;155m⠀[38;2;72;101;150m⠀[0m
[38;2;215;73;95m⠀[38;2;220;69;88m⠀[38;2;225;65;81m⠀[38;2;230;60;74m⠀[38;2;235;56;67m⠀[38;2;240;52;60m⠀[38;2;245;48;53m⠀[38;2;250;44;46m⠀[38;2;255;40;40m⠀[38;2;251;44;46m⠀[38;2;247;49;53m⠀[38;2;243;54;60m⠀[38;2;240;59;67m⣀[38;2;236;64;74m⡠[38;2;232;69;81m⠴[38;2;229;73;88m⠋[38;2;225;78;95m⠀[38;2;221;83;102m⠀[38;2;217;88;109m⠀[38;2;214;93;116m⠀[38;2;210;98;123m⠀[38;2;206;102;130m⠀[38;2;203;107;137m⠈[38;2;199;112;144m⠲[38;2;195;117;150m⣄[38;2;191;122;157m⠀[38;2;188;127;164m⠀[38;2;184;131;171m⢇[38;2;180;136;178m⠀[38;2;177;141;185m⠀[38;2;173;146;192m⠀[38;2;169;151;199m⠀[38;2;165;156;206m⠀[38;2;162;160;213m⠀[38;2;158;165;220m⠀[38;2;154;170;227m⣸[38;2;151;175;234m⠀[38;2;147;180;241m⠀[38;2;143;185;248m⠀[38;2;140;190;255m⠀[38;2;136;185;250m⠀[38;2;133;181;244m⠀[38;2;130;177;239m⠈[38;2;127;173;234m⡃[38;2;123;169;229m⠀[38;2;120;164;224m⠸[38;2;117;160;219m⠃[38;2;114;156;215m⠘[38;2;110;152;210m⠀[38;2;107;148;205m⠉[38;2;104;143;200m⠹[38;2;101;139;195m⡄[38;2;98;135;190m⠀[38;2;94;131;184m⠀[38;2;91;127;179m⠀[38;2;88;122;174m⠀[38;2;85;118;169m⠀[38;2;81;114;164m⠀[38;2;78;110;160m⠀[38;2;75;106;155m⠀[38;2;72;101;150m⠀[38;2;69;97;145m⠀[0m
[38;2;220;69;88m⠀[38;2;225;65;81m⠀[38;2;230;60;74m⠀[38;2;235;56;67m⠀[38;2;240;52;60m⠀[38;2;245;48;53m⠀[38;2;250;44;46m⠀[38;2;255;40;40m⢀[38;2;251;44;46m⣠[38;2;247;49;53m⣤[38;2;243;54;60m⣒[38;2;240;59;67m⠉[38;2;236;64;74m⠁[38;2;232;69;81m⠀[38;2;229;73;88m⠀[38;2;225;78;95m⠀[38;2;221;83;102m⠀[38;2;217;88;109m⠀[38;2;214;93;116m⠀[38;2;210;98;123m⠀[38;2;206;102;130m⠀[38;2;203;107;137m⠀[38;2;199;112;144m⠀[38;2;195;117;150m⠀[38;2;191;122;157m⠈[38;2;188;127;164m⠳[38;2;184;131;171m⣄[38;2;180;136;178m⠸[38;2;177;141;185m⡄[38;2;173;146;192m⠀[38;2;169;151;199m⠀[38;2;165;156;206m⠀[38;2;162;160;213m⠀[38;2;158;165;220m⠀[38;2;154;170;227m⠀[38;2;151;175;234m⣟[38;2;147;180;241m⣀[38;2;143;185;248m⣀[38;2;140;190;255m⠀[38;2;136;185;250m⠀[38;2;133;181;244m⠀[38;2;130;177;239m⠀[38;2;127;173;234m⠘[38;2;123;169;229m⠁[38;2;120;164;224m⠀[38;2;117;160;219m⠀[38;2;114;156;215m⠀[38;2;110;152;210m⠀[38;2;107;148;205m⠀[38;2;104;143;200m⠀[38;2;101;139;195m⠀[38;2;98;135;190m⠀[38;2;94;131;184m⠀[38;2;91;127;179m⠀[38;2;88;122;174m⠀[38;2;85;118;169m⠀[38;2;81;114;164m⠀[38;2;78;110;160m⠀[38;2;75;106;155m⠀[38;2;72;101;150m⠀[38;2;69;97;145m⠀[38;2;65;93;140m⠀[0m
[38;2;225;65;81m⠀[38;2;230;60;74m⠀[38;2;235;56;67m⠀[38;2;240;52;60m⠀[38;2;245;48;53m⠀[38;2;250;44;46m⣀[38;2;255;40;40m⡼[38;2;251;44;46m⠟[38;2;247;49;53m⠛[38;2;243;54;60m⠙[38;2;240;59;67m⠛[38;2;236;64;74m⠯[38;2;232;69;81m⣗[38;2;229;73;88m⡢[38;2;225;78;95m⢤[38;2;221;83;102m⣀[38;2;217;88;109m⠀[38;2;214;93;116m⠀[38;2;210;98;123m⠀[38;2;206;102;130m⠀[38;2;203;107;137m⠀[38;2;199;112;144m⠀[38;2;195;117;150m⠀[38;2;191;122;157m⠀[38;2;188;127;164m⠀[38;2;184;131;171m⠀[38;2;180;136;178m⠈[38;2;177;141;185m⢢[38;2;173;146;192m⡇[38;2;169;151;199m⠀[38;2;165;156;206m⠀[38;2;162;160;213m⠀[38;2;158;165;220m⠀[38;2;154;170;227m⠀[38;2;151;175;234m⠀[38;2;147;180;241m⡇[38;2;143;185;248m⢢[38;2;140;190;255m⡙[38;2;136;185;250m⡝[38;2;133;181;244m⣄[38;2;130;177;239m⠀[38;2;127;173;234m⠀[38;2;123;169;229m⠀[38;2;120;164;224m⠀[38;2;117;160;219m⠀[38;2;114;156;215m⠀[38;2;110;152;210m⠀[38;2;107;148;205m⠀[38;2;104;143;200m⠀[38;2;101;139;195m⠀[38;2;98;135;190m⠀[38;2;94;131;184m⠀[38;2;91;127;179m⠀[38;2;88;122;174m⠀[38;2;85;118;169m⠀[38;2;81;114;164m⠀[38;2;78;110;160m⠀[38;2;75;106;155m⠀[38;2;72;101;150m⠀[38;2;69;97;145m⠀[38;2;65;93;140m⠀[38;2;62;89;135m⠀[0m
[38;2;230;60;74m⠀[38;2;235;56;67m⠀[38;2;240;52;60m⣠[38;2;245;48;53m⠔[38;2;250;44;46m⠋[38;2;255;40;40m⠁[38;2;251;44;46m⠀[38;2;247;49;53m⠀[38;2;243;54;60m⠀[38;2;240;59;67m⠀[38;2;236;64;74m⠀[38;2;232;69;81m⠀[38;2;229;73;88m⠈[38;2;225;78;95m⠻[38;2;221;83;102m⣷[38;2;217;88;109m⣦[38;2;214;93;116m⣍[38;2;210;98;123m⡒[38;2;206;102;130m⠤[38;2;203;107;137m⠤[38;2;199;112;144m⠤[38;2;195;117;150m⠐[38;2;191;122;157m⠒[38;2;188;127;164m⠒[38;2;184;131;171m⠈[38;2;180;136;178m⠉[38;2;177;141;185m⠳[38;2;173;146;192m⢄[38;2;169;151;199m⠙[38;2;165;156;206m⣄[38;2;162;160;213m⠀[38;2;158;165;220m⠀[38;2;154;170;227m⠀[38;2;151;175;234m⠀[38;2;147;180;241m⠀[38;2;143;185;248m⢧[38;2;140;190;255m⠀[38;2;136;185;250m⡇[38;2;133;181;244m⠘[38;2;130;177;239m⡜[38;2;127;173;234m⣦[38;2;123;169;229m⠀[38;2;120;164;224m⠀[38;2;117;160;219m⠀[38;2;114;156;215m⠀[38;2;110;152;210m⠀[38;2;107;148;205m⠀[38;2;104;143;200m⠀[38;2;101;139;195m⠀[38;2;98;135;190m⠀[38;2;94;131;184m⠀[38;2;91;127;179m⠀[38;2;88;122;174m⠀[38;2;85;118;169m⠀[38;2;81;114;164m⠀[38;2;78;110;160m⠀[38;2;75;106;155m⠀[38;2;72;101;150m⠀[38;2;69;97;145m⠀[38;2;65;93;140m⠀[38;2;62;89;135m⠀[38;2;59;85;130m⠀[0m
[38;2;235;56;67m⡴[38;2;240;52;60m⠋[38;2;245;48;53m⠀[38;2;250;44;46m⠀[38;2;255;40;40m⠀[38;2;251;44;46m⠀[38;2;247;49;53m⠀[38;2;243;54;60m⠀[38;2;240;59;67m⠀[38;2;236;64;74m⠀[38;2;232;69;81m⠀[38;2;229;73;88m⠀[38;2;225;78;95m⠀[38;2;221;83;102m⠀[38;2;217;88;109m⠈[38;2;214;93;116m⢿[38;2;210;98;123m⣿[38;2;206;102;130m⡏[38;2;203;107;137m⠒[38;2;199;112;144m⣦[38;2;195;117;150m⠤[38;2;191;122;157m⣀[38;2;188;127;164m⣀[38;2;184;131;171m⠀[38;2;180;136;178m⠀[38;2;177;141;185m⠀[38;2;173;146;192m⠀[38;2;169;151;199m⠀[38;2;165;156;206m⠑[38;2;162;160;213m⢌[38;2;158;165;220m⢆[38;2;154;170;227m⠀[38;2;151;175;234m⠀[38;2;147;180;241m⠀[38;2;143;185;248m⠀[38;2;140;190;255m⠘[38;2;136;185;250m⣧[38;2;133;181;244m⡇[38;2;130;177;239m⠀[38;2;127;173;234m⠘[38;2;123;169;229m⡬[38;2;120;164;224m⡙[38;2;117;160;219m⢦[38;2;114;156;215m⡀[38;2;110;152;210m⠀[38;2;107;148;205m⠀[38;2;104;143;200m⠀[38;2;101;139;195m⠀[38;2;98;135;190m⠀[38;2;94;131;184m⠀[38;2;91;127;179m⠀[38;2;88;122;174m⠀[38;2;85;118;169m⠀[38;2;81;114;164m⠀[38;2;78;110;160m⠀[38;2;75;106;155m⠀[38;2;72;101;150m⠀[38;2;69;97;145m⠀[38;2;65;93;140m⠀[38;2;62;89;135m⠀[38;2;59;85;130m⠀[38;2;56;80;124m⠀[0m
[38;2;240;52;60m⣤[38;2;245;48;53m⠤[38;2;250;44;46m⣄[38;2;255;40;40m⡀[38;2;251;44;46m⠀[38;2;247;49;53m⠀[38;2;243;54;60m⠀[38;2;240;59;67m⠀[38;2;236;64;74m⠀[38;2;232;69;81m⠀[38;2;229;73;88m⠀[38;2;225;78;95m⠀[38;2;221;83;102m⠀[38;2;217;88;109m⠀[38;2;214;93;116m⠀[38;2;210;98;123m⠸[38;2;206;102;130m⣿[38;2;203;107;137m⣷[38;2;199;112;144m⠀[38;2;195;117;150m⢸[38;2;191;122;157m⡀[38;2;188;127;164m⠀[38;2;184;131;171m⢫[38;2;180;136;178m⠉[38;2;177;141;185m⠓[38;2;173;146;192m⢲[38;2;169;151;199m⣦[38;2;165;156;206m⣄[38;2;162;160;213m⣀[38;2;158;165;220m⠀[38;2;154;170;227m⠙[38;2;151;175;234m⢆[38;2;147;180;241m⠀[38;2;143;185;248m⢀[38;2;140;190;255m⡠[38;2;136;185;250m⠴[38;2;133;181;244m⡾[38;2;130;177;239m⠁[38;2;127;173;234m⠀[38;2;123;169;229m⠀[38;2;120;164;224m⠀[38;2;117;160;219m⠈[38;2;114;156;215m⠳[38;2;110;152;210m⣝[38;2;107;148;205m⢆[38;2;104;143;200m⠀[38;2;101;139;195m⠀[38;2;98;135;190m⠀[38;2;94;131;184m⠀[38;2;91;127;179m⠀[38;2;88;122;174m⠀[38;2;85;118;169m⠀[38;2;81;114;164m⠀[38;2;78;110;160m⠀[38;2;75;106;155m⠀[38;2;72;101;150m⠀[38;2;69;97;145m⠀[38;2;65;93;140m⠀[38;2;62;89;135m⠀[38;2;59;85;130m⠀[38;2;56;80;124m⠀[38;2;52;76;119m⠀[0m
[38;2;245;48;53m⡟[38;2;250;44;46m⠀[38;2;255;40;40m⡄[38;2;251;44;46m⢉[38;2;247;49;53m⠳[38;2;243;54;60m⣄[38;2;240;59;67m⠀[38;2;236;64;74m⠀[38;2;232;69;81m⠀[38;2;229;73;88m⠀[38;2;225;78;95m⠀[38;2;221;83;102m⠀[38;2;217;88;109m⠀[38;2;214;93;116m⠀[38;2;210;98;123m⠀[38;2;206;102;130m⠀[38;2;203;107;137m⢻[38;2;199;112;144m⣿[38;2;195;117;150m⡆[38;2;191;122;157m⠀[38;2;188;127;164m⢧[38;2;184;131;171m⡇[38;2;180;136;178m⠀[38;2;177;141;185m⢧[38;2;173;146;192m⠀[38;2;169;151;199m⠀[38;2;165;156;206m⢯[38;2;162;160;213m⠻[38;2;158;165;220m⣿[38;2;154;170;227m⣿[38;2;151;175;234m⣶[38;2;147;180;241m⣌[38;2;143;185;248m⣆[38;2;140;190;255m⠀[38;2;136;185;250m⠀[38;2;133;181;244m⡼[38;2;130;177;239m⢁[38;2;127;173;234m⣀[38;2;123;169;229m⠀[38;2;120;164;224m⠀[38;2;117;160;219m⠀[38;2;114;156;215m⠀[38;2;110;152;210m⠀[38;2;107;148;205m⠀[38;2;104;143;200m⠉[38;2;101;139;195m⣹[38;2;98;135;190m⣆[38;2;94;131;184m⠀[38;2;91;127;179m⠀[38;2;88;122;174m⠀[38;2;85;118;169m⠀[38;2;81;114;164m⠀[38;2;78;110;160m⠀[38;2;75;106;155m⠀[38;2;72;101;150m⠀[38;2;69;97;145m⠀[38;2;65;93;140m⠀[38;2;62;89;135m⠀[38;2;59;85;130m⠀[38;2;56;80;124m⠀[38;2;52;76;119m⠀[38;2;49;72;114m⠀[0m
[38;2;250;44;46m⠁[38;2;255;40;40m⡸[38;2;251;44;46m⣠[38;2;247;49;53m⠋[38;2;243;54;60m⠙[38;2;240;59;67m⢎[38;2;236;64;74m⠳[38;2;232;69;81m⡄[38;2;229;73;88m⠀[38;2;225;78;95m⠀[38;2;221;83;102m⠀[38;2;217;88;109m⠀[38;2;214;93;116m⠀[38;2;210;98;123m⠀[38;2;206;102;130m⠀[38;2;203;107;137m⠀[38;2;199;112;144m⠈[38;2;195;117;150m⣿[38;2;191;122;157m⣷[38;2;188;127;164m⠀[38;2;184;131;171m⠘[38;2;180;136;178m⣷[38;2;177;141;185m⠀[38;2;173;146;192m⠈[38;2;169;151;199m⢧[38;2;165;156;206m⠀[38;2;162;160;213m⠈[38;2;158;165;220m⢧[38;2;154;170;227m⠀[38;2;151;175;234m⠙[38;2;147;180;241m⠻[38;2;143;185;248m⢷[38;2;140;190;255m⣿[38;2;136;185;250m⣦[38;2;133;181;244m⣴[38;2;130;177;239m⣿[38;2;127;173;234m⡿[38;2;123;169;229m⠋[38;2;120;164;224m⠉[38;2;117;160;219m⡗[38;2;114;156;215m⠲[38;2;110;152;210m⡤[38;2;107;148;205m⠖[38;2;104;143;200m⠒[38;2;101;139;195m⠛[38;2;98;135;190m⣿[38;2;94;131;184m⣿[38;2;91;127;179m⣷[38;2;88;122;174m⣤[38;2;85;118;169m⡀[38;2;81;114;164m⠀[38;2;78;110;160m⠀[38;2;75;106;155m⠀[38;2;72;101;150m⠀[38;2;69;97;145m⠀[38;2;65;93;140m⠀[38;2;62;89;135m⠀[38;2;59;85;130m⠀[38;2;56;80;124m⠀[38;2;52;76;119m⠀[38;2;49;72;114m⠀[38;2;46;68;109m⠀[0m
[38;2;255;40;40m⠀[38;2;251;44;46m⠁[38;2;247;49;53m⠁[38;2;243;54;60m⠀[38;2;240;59;67m⠀[38;2;236;64;74m⡸[38;2;232;69;81m⠀[38;2;229;73;88m⠙[38;2;225;78;95m⢦[38;2;221;83;102m⡀[38;2;217;88;109m⠀[38;2;214;93;116m⠀[38;2;210;98;123m⠀[38;2;206;102;130m⠀[38;2;203;107;137m⠀[38;2;199;112;144m⠀[38;2;195;117;150m⠀[38;2;191;122;157m⢹[38;2;188;127;164m⣿[38;2;184;131;171m⡇[38;2;180;136;178m⠀[38;2;177;141;185m⠀[38;2;173;146;192m⠀[38;2;169;151;199m⠀[38;2;165;156;206m⠈[38;2;162;160;213m⢧[38;2;158;165;220m⠀[38;2;154;170;227m⠈[38;2;151;175;234m⢧[38;2;147;180;241m⠀[38;2;143;185;248m⠀[38;2;140;190;255m⢀[38;2;136;185;250m⣼[38;2;133;181;244m⣿[38;2;130;177;239m⣿[38;2;127;173;234m⣿[38;2;123;169;229m⣦[38;2;120;164;224m⡀[38;2;117;160;219m⠀[38;2;114;156;215m⡇[38;2;110;152;210m⠀[38;2;107;148;205m⣇[38;2;104;143;200m⠀[38;2;101;139;195m⠀[38;2;98;135;190m⠀[38;2;94;131;184m⢻[38;2;91;127;179m⣿[38;2;88;122;174m⣿[38;2;85;118;169m⣿[38;2;81;114;164m⣿[38;2;78;110;160m⣄[38;2;75;106;155m⠀[38;2;72;101;150m⠀[38;2;69;97;145m⠀[38;2;65;93;140m⠀[38;2;62;89;135m⠀[38;2;59;85;130m⠀[38;2;56;80;124m⠀[38;2;52;76;119m⠀[38;2;49;72;114m⠀[38;2;46;68;109m⠀[38;2;43;64;104m⠀[0m
