[38;2;100;170;255m⠀[38;2;100;170;255m⠘[38;2;104;165;248m⣿[38;2;109;161;241m⣷[38;2;114;157;234m⣿[38;2;119;153;228m⠏[38;2;124;149;221m⢀[38;2;129;145;214m⠎[38;2;133;141;207m⠀[38;2;138;137;201m⠀[38;2;143;133;194m⠀[38;2;148;129;187m⠀[38;2;153;125;181m⠀[38;2;158;121;174m⠀[38;2;162;117;167m⠀[38;2;167;113;160m⡰[38;2;172;109;154m⠉[38;2;177;105;147m⣴[38;2;182;100;140m⣿[38;2;187;96;134m⠟[38;2;192;92;127m⠁[38;2;196;88;120m⠀[38;2;201;84;113m⢀[38;2;206;80;107m⡠[38;2;211;76;100m⠐[38;2;216;72;93m⠊[38;2;221;68;87m⠩[38;2;225;64;80m⠟[38;2;230;60;73m⢊[38;2;235;56;66m⣥[38;2;240;52;60m⣄[38;2;245;48;53m⡀[38;2;250;44;46m⠀[38;2;255;40;40m⠀[38;2;251;44;46m⠀[38;2;247;49;53m⠈[38;2;244;54;60m⠉[38;2;240;58;66m⠉[38;2;237;63;73m⠉[38;2;233;68;80m⠉[38;2;229;72;87m⠒[38;2;226;77;93m⢷[38;2;222;82;100m⢦[38;2;219;86;107m⣤[38;2;215;91;113m⣶[38;2;211;96;120m⡿[38;2;208;100;127m⠻[38;2;204;105;134m⣿[38;2;201;110;140m⣄[38;2;197;115;147m⡜[38;2;193;119;154m⢁[38;2;190;124;160m⣾[38;2;186;129;167m⣷[38;2;183;133;174m⡄[38;2;179;138;181m⠹[38;2;175;143;187m⡄[38;2;172;147;194m⠀[38;2;168;152;201m⠀[38;2;165;157;207m⠀[38;2;161;161;214m⠀[38;2;157;166;221m⠀[38;2;154;171;228m⠀[38;2;150;175;234m⠀[38;2;147;180;241m⠀[38;2;143;185;248m⠀[0m
[38;2;100;170;255m⠐[38;2;104;165;248m⢆[38;2;109;161;241m⠘[38;2;114;157;234m⣿[38;2;119;153;228m⠏[38;2;124;149;221m⢀[38;2;129;145;214m⠎[38;2;133;141;207m⠀[38;2;138;137;201m⠀[38;2;143;133;194m⠀[38;2;148;129;187m⠀[38;2;153;125;181m⠀[38;2;158;121;174m⠀[38;2;162;117;167m⢀[38;2;167;113;160m⠞[38;2;172;109;154m⢀[38;2;177;105;147m⣼[38;2;182;100;140m⡿[38;2;187;96;134m⠋[38;2;192;92;127m⣀[38;2;196;88;120m⠴[38;2;201;84;113m⠊[38;2;206;80;107m⠁[38;2;211;76;100m⡀[38;2;216;72;93m⣀[38;2;221;68;87m⣤[38;2;225;64;80m⣄[38;2;230;60;73m⡀[38;2;235;56;66m⣽[38;2;240;52;60m⣿[38;2;245;48;53m⣿[38;2;250;44;46m⣷[38;2;255;40;40m⡀[38;2;251;44;46m⣀[38;2;247;49;53m⣀[38;2;244;54;60m⣴[38;2;240;58;66m⡾[38;2;237;63;73m⣶[38;2;233;68;80m⡄[38;2;229;72;87m⠀[38;2;226;77;93m⠀[38;2;222;82;100m⢸[38;2;219;86;107m⣭[38;2;215;91;113m⣩[38;2;211;96;120m⡾[38;2;208;100;127m⣿[38;2;204;105;134m⡇[38;2;201;110;140m⢸[38;2;197;115;147m⡟[38;2;193;119;154m⢀[38;2;190;124;160m⣾[38;2;186;129;167m⡿[38;2;183;133;174m⢻[38;2;179;138;181m⣿[38;2;175;143;187m⡄[38;2;172;147;194m⠘[38;2;168;152;201m⡄[38;2;165;157;207m⠀[38;2;161;161;214m⠀[38;2;157;166;221m⠀[38;2;154;171;228m⠀[38;2;150;175;234m⠀[38;2;147;180;241m⠀[38;2;143;185;248m⠀[38;2;140;190;255m⠀[0m
[38;2;104;165;248m⠀[38;2;109;161;241m⠈[38;2;114;157;234m⣄[38;2;119;153;228m⠈[38;2;124;149;221m⢠[38;2;129;145;214m⠋[38;2;133;141;207m⠀[38;2;138;137;201m⠀[38;2;143;133;194m⠀[38;2;148;129;187m⢀[38;2;153;125;181m⣤[38;2;158;121;174m⢤[38;2;162;117;167m⣴[38;2;167;113;160m⠋[38;2;172;109;154m⣠[38;2;177;105;147m⣾[38;2;182;100;140m⣿[38;2;187;96;134m⡵[38;2;192;92;127m⣮[38;2;196;88;120m⣅[38;2;201;84;113m⠀[38;2;206;80;107m⠠[38;2;211;76;100m⠊[38;2;216;72;93m⠀[38;2;221;68;87m⢻[38;2;225;64;80m⣷[38;2;230;60;73m⠙[38;2;235;56;66m⣿[38;2;240;52;60m⣽[38;2;245;48;53m⣿[38;2;250;44;46m⣿[38;2;255;40;40m⣿[38;2;251;44;46m⣿[38;2;247;49;53m⣛[38;2;244;54;60m⣋[38;2;240;58;66m⣥[38;2;237;63;73m⣴[38;2;233;68;80m⠿[38;2;229;72;87m⠃[38;2;226;77;93m⠀[38;2;222;82;100m⠀[38;2;219;86;107m⢀[38;2;215;91;113m⣙[38;2;211;96;120m⣛[38;2;208;100;127m⠀[38;2;204;105;134m⣿[38;2;201;110;140m⠁[38;2;197;115;147m⡾[38;2;193;119;154m⣧[38;2;190;124;160m⣾[38;2;186;129;167m⣟[38;2;183;133;174m⣤[38;2;179;138;181m⣤[38;2;175;143;187m⣿[38;2;172;147;194m⣿[38;2;168;152;201m⣄[38;2;165;157;207m⠘[38;2;161;161;214m⠆[38;2;157;166;221m⠀[38;2;154;171;228m⠀[38;2;150;175;234m⠀[38;2;147;180;241m⠀[38;2;143;185;248m⠀[38;2;140;190;255m⠀[38;2;136;185;250m⠀[0m
[38;2;109;161;241m⠀[38;2;114;157;234m⠀[38;2;119;153;228m⠘[38;2;124;149;221m⣦[38;2;129;145;214m⠃[38;2;133;141;207m⠀[38;2;138;137;201m⠀[38;2;143;133;194m⠀[38;2;148;129;187m⠀[38;2;153;125;181m⢿[38;2;158;121;174m⣿[38;2;162;117;167m⡉[38;2;167;113;160m⣟[38;2;172;109;154m⣴[38;2;177;105;147m⣿[38;2;182;100;140m⣿[38;2;187;96;134m⡙[38;2;192;92;127m⢿[38;2;196;88;120m⣍[38;2;201;84;113m⠹[38;2;206;80;107m⣷[38;2;211;76;100m⠀[38;2;216;72;93m⠀[38;2;221;68;87m⣤[38;2;225;64;80m⣄[38;2;230;60;73m⣿[38;2;235;56;66m⢰[38;2;240;52;60m⢿[38;2;245;48;53m⣽[38;2;250;44;46m⡄[38;2;255;40;40m⢹[38;2;251;44;46m⣿[38;2;247;49;53m⠉[38;2;244;54;60m⢻[38;2;240;58;66m⣧[38;2;237;63;73m⠈[38;2;233;68;80m⣿[38;2;229;72;87m⣏[38;2;226;77;93m⡷[38;2;222;82;100m⠾[38;2;219;86;107m⠛[38;2;215;91;113m⠛[38;2;211;96;120m⣉[38;2;208;100;127m⣿[38;2;204;105;134m⣧[38;2;201;110;140m⣿[38;2;197;115;147m⢀[38;2;193;119;154m⣿[38;2;190;124;160m⣭[38;2;186;129;167m⣻[38;2;183;133;174m⣟[38;2;179;138;181m⠛[38;2;175;143;187m⠋[38;2;172;147;194m⠉[38;2;168;152;201m⠉[38;2;165;157;207m⣉[38;2;161;161;214m⣀[38;2;157;166;221m⣼[38;2;154;171;228m⣦[38;2;150;175;234m⣤[38;2;147;180;241m⣤[38;2;143;185;248m⣦[38;2;140;190;255m⠀[38;2;136;185;250m⢰[38;2;133;181;245m⡄[0m
[38;2;114;157;234m⠀[38;2;119;153;228m⠀[38;2;124;149;221m⠀[38;2;129;145;214m⠀[38;2;133;141;207m⠀[38;2;138;137;201m⠀[38;2;143;133;194m⠀[38;2;148;129;187m⠀[38;2;153;125;181m⠀[38;2;158;121;174m⣠[38;2;162;117;167m⢿[38;2;167;113;160m⣧[38;2;172;109;154m⠹[38;2;177;105;147m⢿[38;2;182;100;140m⣿[38;2;187;96;134m⡝[38;2;192;92;127m⢿[38;2;196;88;120m⣦[38;2;201;84;113m⢻[38;2;206;80;107m⣧[38;2;211;76;100m⣿[38;2;216;72;93m⠀[38;2;221;68;87m⡸[38;2;225;64;80m⣷[38;2;230;60;73m⣿[38;2;235;56;66m⡿[38;2;240;52;60m⣸[38;2;245;48;53m⡟[38;2;250;44;46m⡿[38;2;255;40;40m⠁[38;2;251;44;46m⢪[38;2;247;49;53m⡇[38;2;244;54;60m⠀[38;2;240;58;66m⠀[38;2;237;63;73m⣿[38;2;233;68;80m⡆[38;2;229;72;87m⣏[38;2;226;77;93m⡿[38;2;222;82;100m⠿[38;2;219;86;107m⠿[38;2;215;91;113m⠿[38;2;211;96;120m⠛[38;2;208;100;127m⠛[38;2;204;105;134m⠉[38;2;201;110;140m⣼[38;2;197;115;147m⡇[38;2;193;119;154m⣸[38;2;190;124;160m⣿[38;2;186;129;167m⣏[38;2;183;133;174m⠻[38;2;179;138;181m⣿[38;2;175;143;187m⡿[38;2;172;147;194m⡍[38;2;168;152;201m⠉[38;2;165;157;207m⠀[38;2;161;161;214m⠀[38;2;157;166;221m⠀[38;2;154;171;228m⠀[38;2;150;175;234m⠘[38;2;147;180;241m⣿[38;2;143;185;248m⣿[38;2;140;190;255m⣿[38;2;136;185;250m⣿[38;2;133;181;245m⣿[38;2;130;177;240m⡇[0m
[38;2;119;153;228m⠀[38;2;124;149;221m⠀[38;2;129;145;214m⠀[38;2;133;141;207m⠀[38;2;138;137;201m⠀[38;2;143;133;194m⠀[38;2;148;129;187m⠀[38;2;153;125;181m⠀[38;2;158;121;174m⣼[38;2;162;117;167m⣿[38;2;167;113;160m⠟[38;2;172;109;154m⢋[38;2;177;105;147m⡀[38;2;182;100;140m⣿[38;2;187;96;134m⣿[38;2;192;92;127m⡇[38;2;196;88;120m⣰[38;2;201;84;113m⣿[38;2;206;80;107m⠃[38;2;211;76;100m⠉[38;2;216;72;93m⢉[38;2;221;68;87m⣼[38;2;225;64;80m⣿[38;2;230;60;73m⣿[38;2;235;56;66m⣿[38;2;240;52;60m⣷[38;2;245;48;53m⡟[38;2;250;44;46m⢡[38;2;255;40;40m⣿[38;2;251;44;46m⠀[38;2;247;49;53m⣿[38;2;244;54;60m⠇[38;2;240;58;66m⠀[38;2;237;63;73m⢠[38;2;233;68;80m⣼[38;2;229;72;87m⣧[38;2;226;77;93m⢸[38;2;222;82;100m⣧[38;2;219;86;107m⣴[38;2;215;91;113m⣶[38;2;211;96;120m⣦[38;2;208;100;127m⡀[38;2;204;105;134m⠀[38;2;201;110;140m⢰[38;2;197;115;147m⡿[38;2;193;119;154m⣱[38;2;190;124;160m⡿[38;2;186;129;167m⠁[38;2;183;133;174m⢿[38;2;179;138;181m⣇[38;2;175;143;187m⣸[38;2;172;147;194m⣇[38;2;168;152;201m⠹[38;2;165;157;207m⣆[38;2;161;161;214m⣀[38;2;157;166;221m⠤[38;2;154;171;228m⠤[38;2;150;175;234m⠄[38;2;147;180;241m⠒[38;2;143;185;248m⠛[38;2;140;190;255m⠉[38;2;136;185;250m⠙[38;2;133;181;245m⣋[38;2;130;177;240m⣘[38;2;127;173;235m⣩[0m
[38;2;124;149;221m⠀[38;2;129;145;214m⠀[38;2;133;141;207m⠀[38;2;138;137;201m⠀[38;2;143;133;194m⠀[38;2;148;129;187m⠀[38;2;153;125;181m⠀[38;2;158;121;174m⡜[38;2;162;117;167m⠈[38;2;167;113;160m⣿[38;2;172;109;154m⣶[38;2;177;105;147m⣿[38;2;182;100;140m⣷[38;2;187;96;134m⠹[38;2;192;92;127m⣿[38;2;196;88;120m⣿[38;2;201;84;113m⠿[38;2;206;80;107m⣇[38;2;211;76;100m⣀[38;2;216;72;93m⣰[38;2;221;68;87m⡿[38;2;225;64;80m⠋[38;2;230;60;73m⣼[38;2;235;56;66m⡿[38;2;240;52;60m⠿[38;2;245;48;53m⠋[38;2;250;44;46m⠐[38;2;255;40;40m⣾[38;2;251;44;46m⠇[38;2;247;49;53m⣼[38;2;244;54;60m⣿[38;2;240;58;66m⣸[38;2;237;63;73m⣿[38;2;233;68;80m⠿[38;2;229;72;87m⢟[38;2;226;77;93m⣋[38;2;222;82;100m⣬[38;2;219;86;107m⣵[38;2;215;91;113m⣶[38;2;211;96;120m⣶[38;2;208;100;127m⣧[38;2;204;105;134m⠇[38;2;201;110;140m⢠[38;2;197;115;147m⢿[38;2;193;119;154m⡿[38;2;190;124;160m⠏[38;2;186;129;167m⠀[38;2;183;133;174m⠀[38;2;179;138;181m⠀[38;2;175;143;187m⠛[38;2;172;147;194m⠟[38;2;168;152;201m⠹[38;2;165;157;207m⡷[38;2;161;161;214m⣼[38;2;157;166;221m⣦[38;2;154;171;228m⣤[38;2;150;175;234m⣴[38;2;147;180;241m⣶[38;2;143;185;248m⣶[38;2;140;190;255m⣿[38;2;136;185;250m⣿[38;2;133;181;245m⣿[38;2;130;177;240m⣿[38;2;127;173;235m⣿[38;2;124;169;230m⣿[0m
[38;2;129;145;214m⠀[38;2;133;141;207m⠀[38;2;138;137;201m⠀[38;2;143;133;194m⠀[38;2;148;129;187m⠀[38;2;153;125;181m⠀[38;2;158;121;174m⠀[38;2;162;117;167m⡇[38;2;167;113;160m⢠[38;2;172;109;154m⣿[38;2;177;105;147m⡿[38;2;182;100;140m⠂[38;2;187;96;134m⢿[38;2;192;92;127m⡆[38;2;196;88;120m⢿[38;2;201;84;113m⣧[38;2;206;80;107m⡼[38;2;211;76;100m⢹[38;2;216;72;93m⣾[38;2;221;68;87m⠋[38;2;225;64;80m⠀[38;2;230;60;73m⣴[38;2;235;56;66m⡟[38;2;240;52;60m⠀[38;2;245;48;53m⠀[38;2;250;44;46m⠀[38;2;255;40;40m⣼[38;2;251;44;46m⣟[38;2;247;49;53m⣴[38;2;244;54;60m⠟[38;2;240;58;66m⠡[38;2;237;63;73m⠬[38;2;233;68;80m⣿[38;2;229;72;87m⣿[38;2;226;77;93m⠟[38;2;222;82;100m⠋[38;2;219;86;107m⢯[38;2;215;91;113m⡇[38;2;211;96;120m⠀[38;2;208;100;127m⠀[38;2;204;105;134m⠀[38;2;201;110;140m⠀[38;2;197;115;147m⠈[38;2;193;119;154m⡏[38;2;190;124;160m⠀[38;2;186;129;167m⢀[38;2;183;133;174m⠀[38;2;179;138;181m⠀[38;2;175;143;187m⠀[38;2;172;147;194m⠀[38;2;168;152;201m⠀[38;2;165;157;207m⠀[38;2;161;161;214m⢹[38;2;157;166;221m⣎[38;2;154;171;228m⠻[38;2;150;175;234m⣟[38;2;147;180;241m⠉[38;2;143;185;248m⠉[38;2;140;190;255m⠁[38;2;136;185;250m⠀[38;2;133;181;245m⢰[38;2;130;177;240m⣶[38;2;127;173;235m⣶[38;2;124;169;230m⡠[38;2;121;165;225m⣶[0m
[38;2;133;141;207m⠀[38;2;138;137;201m⠀[38;2;143;133;194m⠀[38;2;148;129;187m⠀[38;2;153;125;181m⠀[38;2;158;121;174m⠀[38;2;162;117;167m⢀[38;2;167;113;160m⡇[38;2;172;109;154m⢸[38;2;177;105;147m⢏[38;2;182;100;140m⠀[38;2;187;96;134m⠀[38;2;192;92;127m⢘[38;2;196;88;120m⣿[38;2;201;84;113m⠘[38;2;206;80;107m⣿[38;2;211;76;100m⡄[38;2;216;72;93m⠀[38;2;221;68;87m⢻[38;2;225;64;80m⣦[38;2;230;60;73m⣾[38;2;235;56;66m⠏[38;2;240;52;60m⠀[38;2;245;48;53m⠀[38;2;250;44;46m⢀[38;2;255;40;40m⣞[38;2;251;44;46m⣿[38;2;247;49;53m⡿[38;2;244;54;60m⠋[38;2;240;58;66m⠀[38;2;237;63;73m⢀[38;2;233;68;80m⠀[38;2;229;72;87m⠀[38;2;226;77;93m⠉[38;2;222;82;100m⠉[38;2;219;86;107m⠹[38;2;215;91;113m⣅[38;2;211;96;120m⠀[38;2;208;100;127m⢄[38;2;204;105;134m⠀[38;2;201;110;140m⠀[38;2;197;115;147m⠀[38;2;193;119;154m⠀[38;2;190;124;160m⠘[38;2;186;129;167m⠀[38;2;183;133;174m⣸[38;2;179;138;181m⠀[38;2;175;143;187m⠀[38;2;172;147;194m⡀[38;2;168;152;201m⠀[38;2;165;157;207m⠀[38;2;161;161;214m⠀[38;2;157;166;221m⠀[38;2;154;171;228m⢹[38;2;150;175;234m⢣[38;2;147;180;241m⣿[38;2;143;185;248m⠀[38;2;140;190;255m⠀[38;2;136;185;250m⠀[38;2;133;181;245m⠀[38;2;130;177;240m⠀[38;2;127;173;235m⠀[38;2;124;169;230m⠀[38;2;121;165;225m⠀[38;2;118;161;221m⠀[0m
[38;2;138;137;201m⠀[38;2;143;133;194m⠀[38;2;148;129;187m⠀[38;2;153;125;181m⠀[38;2;158;121;174m⠀[38;2;162;117;167m⠀[38;2;167;113;160m⢸[38;2;172;109;154m⠀[38;2;177;105;147m⢸[38;2;182;100;140m⡏[38;2;187;96;134m⢀[38;2;192;92;127m⣠[38;2;196;88;120m⡞[38;2;201;84;113m⢿[38;2;206;80;107m⣆[38;2;211;76;100m⣽[38;2;216;72;93m⡇[38;2;221;68;87m⠀[38;2;225;64;80m⠀[38;2;230;60;73m⢹[38;2;235;56;66m⠋[38;2;240;52;60m⠀[38;2;245;48;53m⠀[38;2;250;44;46m⠀[38;2;255;40;40m⠈[38;2;251;44;46m⠉[38;2;247;49;53m⠁[38;2;244;54;60m⠀[38;2;240;58;66m⠀[38;2;237;63;73m⠀[38;2;233;68;80m⠀[38;2;229;72;87m⢆[38;2;226;77;93m⠀[38;2;222;82;100m⠀[38;2;219;86;107m⢢[38;2;215;91;113m⠀[38;2;211;96;120m⠈[38;2;208;100;127m⠳[38;2;204;105;134m⣜[38;2;201;110;140m⣆[38;2;197;115;147m⠀[38;2;193;119;154m⠀[38;2;190;124;160m⠀[38;2;186;129;167m⠀[38;2;183;133;174m⢰[38;2;179;138;181m⣠[38;2;175;143;187m⠇[38;2;172;147;194m⠀[38;2;168;152;201m⠘[38;2;165;157;207m⡆[38;2;161;161;214m⠀[38;2;157;166;221m⠀[38;2;154;171;228m⡆[38;2;150;175;234m⠀[38;2;147;180;241m⣿[38;2;143;185;248m⣻[38;2;140;190;255m⠀[38;2;136;185;250m⠀[38;2;133;181;245m⠀[38;2;130;177;240m⠀[38;2;127;173;235m⠀[38;2;124;169;230m⠀[38;2;121;165;225m⠀[38;2;118;161;221m⠀[38;2;114;157;216m⠀[0m
[38;2;143;133;194m⠀[38;2;148;129;187m⠤[38;2;153;125;181m⠤[38;2;158;121;174m⠀[38;2;162;117;167m⠐[38;2;167;113;160m⠒[38;2;172;109;154m⠊[38;2;177;105;147m⠀[38;2;182;100;140m⣼[38;2;187;96;134m⣷[38;2;192;92;127m⠉[38;2;196;88;120m⠸[38;2;201;84;113m⠁[38;2;206;80;107m⠈[38;2;211;76;100m⠛[38;2;216;72;93m⠋[38;2;221;68;87m⠀[38;2;225;64;80m⠀[38;2;230;60;73m⠀[38;2;235;56;66m⢸[38;2;240;52;60m⠀[38;2;245;48;53m⠀[38;2;250;44;46m⠀[38;2;255;40;40m⢠[38;2;251;44;46m⠀[38;2;247;49;53m⠀[38;2;244;54;60m⠀[38;2;240;58;66m⠀[38;2;237;63;73m⠀[38;2;233;68;80m⠀[38;2;229;72;87m⠀[38;2;226;77;93m⠀[38;2;222;82;100m⢢[38;2;219;86;107m⡠[38;2;215;91;113m⡈[38;2;211;96;120m⢧[38;2;208;100;127m⡀[38;2;204;105;134m⠀[38;2;201;110;140m⠈[38;2;197;115;147m⢾[38;2;193;119;154m⣆[38;2;190;124;160m⠀[38;2;186;129;167m⢢[38;2;183;133;174m⠀[38;2;179;138;181m⠀[38;2;175;143;187m⠋[38;2;172;147;194m⡆[38;2;168;152;201m⠀[38;2;165;157;207m⠀[38;2;161;161;214m⢹[38;2;157;166;221m⣆[38;2;154;171;228m⠀[38;2;150;175;234m⢱[38;2;147;180;241m⠀[38;2;143;185;248m⠘[38;2;140;190;255m⣿[38;2;136;185;250m⠀[38;2;133;181;245m⠀[38;2;130;177;240m⠀[38;2;127;173;235m⠀[38;2;124;169;230m⠀[38;2;121;165;225m⢠[38;2;118;161;221m⣄[38;2;114;157;216m⡀[38;2;111;153;211m⠀[0m
[38;2;148;129;187m⣤[38;2;153;125;181m⣤[38;2;158;121;174m⣶[38;2;162;117;167m⣶[38;2;167;113;160m⣾[38;2;172;109;154m⣿[38;2;177;105;147m⠿[38;2;182;100;140m⡿[38;2;187;96;134m⢉[38;2;192;92;127m⣿[38;2;196;88;120m⠀[38;2;201;84;113m⡖[38;2;206;80;107m⠀[38;2;211;76;100m⠀[38;2;216;72;93m⠰[38;2;221;68;87m⠀[38;2;225;64;80m⠀[38;2;230;60;73m⠀[38;2;235;56;66m⠀[38;2;240;52;60m⠀[38;2;245;48;53m⣇[38;2;250;44;46m⠀[38;2;255;40;40m⠄[38;2;251;44;46m⠀[38;2;247;49;53m⢇[38;2;244;54;60m⠀[38;2;240;58;66m⠀[38;2;237;63;73m⠀[38;2;233;68;80m⠈[38;2;229;72;87m⢆[38;2;226;77;93m⠀[38;2;222;82;100m⠀[38;2;219;86;107m⠀[38;2;215;91;113m⢷[38;2;211;96;120m⣧[38;2;208;100;127m⠈[38;2;204;105;134m⣿[38;2;201;110;140m⣄[38;2;197;115;147m⠰[38;2;193;119;154m⡄[38;2;190;124;160m⠛[38;2;186;129;167m⡄[38;2;183;133;174m⠀[38;2;179;138;181m⢣[38;2;175;143;187m⠀[38;2;172;147;194m⢸[38;2;168;152;201m⠀[38;2;165;157;207m⠀[38;2;161;161;214m⠀[38;2;157;166;221m⠀[38;2;154;171;228m⢻[38;2;150;175;234m⡄[38;2;147;180;241m⠘[38;2;143;185;248m⢄[38;2;140;190;255m⠀[38;2;136;185;250m⢸[38;2;133;181;245m⠀[38;2;130;177;240m⠀[38;2;127;173;235m⠀[38;2;124;169;230m⠀[38;2;121;165;225m⢠[38;2;118;161;221m⣸[38;2;114;157;216m⣿[38;2;111;153;211m⣯[38;2;108;149;206m⣤[0m
[38;2;153;125;181m⠛[38;2;158;121;174m⠉[38;2;162;117;167m⠉[38;2;167;113;160m⠁[38;2;172;109;154m⠀[38;2;177;105;147m⠀[38;2;182;100;140m⢰[38;2;187;96;134m⢃[38;2;192;92;127m⠎[38;2;196;88;120m⣿[38;2;201;84;113m⢰[38;2;206;80;107m⠃[38;2;211;76;100m⠀[38;2;216;72;93m⠀[38;2;221;68;87m⡇[38;2;225;64;80m⠀[38;2;230;60;73m⣠[38;2;235;56;66m⡀[38;2;240;52;60m⠀[38;2;245;48;53m⠀[38;2;250;44;46m⢹[38;2;255;40;40m⠀[38;2;251;44;46m⢰[38;2;247;49;53m⢀[38;2;244;54;60m⠈[38;2;240;58;66m⣄[38;2;237;63;73m⠀[38;2;233;68;80m⠀[38;2;229;72;87m⢀[38;2;226;77;93m⠈[38;2;222;82;100m⢃[38;2;219;86;107m⠀[38;2;215;91;113m⢱[38;2;211;96;120m⢸[38;2;208;100;127m⡙[38;2;204;105;134m⣧[38;2;201;110;140m⡘[38;2;197;115;147m⡿[38;2;193;119;154m⢷[38;2;190;124;160m⡽[38;2;186;129;167m⣦[38;2;183;133;174m⣽[38;2;179;138;181m⡄[38;2;175;143;187m⠀[38;2;172;147;194m⡆[38;2;168;152;201m⠈[38;2;165;157;207m⡆[38;2;161;161;214m⠀[38;2;157;166;221m⠀[38;2;154;171;228m⠀[38;2;150;175;234m⠈[38;2;147;180;241m⢜[38;2;143;185;248m⡄[38;2;140;190;255m⣼[38;2;136;185;250m⠀[38;2;133;181;245m⣼[38;2;130;177;240m⠀[38;2;127;173;235m⠀[38;2;124;169;230m⠀[38;2;121;165;225m⠀[38;2;118;161;221m⠈[38;2;114;157;216m⣿[38;2;111;153;211m⣿[38;2;108;149;206m⣿[38;2;105;145;201m⠯[0m
[38;2;158;121;174m⠀[38;2;162;117;167m⠀[38;2;167;113;160m⠀[38;2;172;109;154m⠀[38;2;177;105;147m⠀[38;2;182;100;140m⠀[38;2;187;96;134m⠘[38;2;192;92;127m⡎[38;2;196;88;120m⢰[38;2;201;84;113m⣇[38;2;206;80;107m⣾[38;2;211;76;100m⡆[38;2;216;72;93m⠀[38;2;221;68;87m⢀[38;2;225;64;80m⡷[38;2;230;60;73m⣊[38;2;235;56;66m⣁[38;2;240;52;60m⠈[38;2;245;48;53m⠲[38;2;250;44;46m⢄[38;2;255;40;40m⠀[38;2;251;44;46m⣆[38;2;247;49;53m⠘[38;2;244;54;60m⡆[38;2;240;58;66m⢣[38;2;237;63;73m⠈[38;2;233;68;80m⢆[38;2;229;72;87m⠀[38;2;226;77;93m⡀[38;2;222;82;100m⡆[38;2;219;86;107m⠈[38;2;215;91;113m⢧[38;2;211;96;120m⠀[38;2;208;100;127m⣧[38;2;204;105;134m⡷[38;2;201;110;140m⠚[38;2;197;115;147m⠿[38;2;193;119;154m⣷[38;2;190;124;160m⣀[38;2;186;129;167m⣹[38;2;183;133;174m⣿[38;2;179;138;181m⡽[38;2;175;143;187m⣿[38;2;172;147;194m⣆[38;2;168;152;201m⠘[38;2;165;157;207m⡄[38;2;161;161;214m⣿[38;2;157;166;221m⠀[38;2;154;171;228m⠀[38;2;150;175;234m⠀[38;2;147;180;241m⠀[38;2;143;185;248m⠘[38;2;140;190;255m⡙[38;2;136;185;250m⣿[38;2;133;181;245m⡇[38;2;130;177;240m⡇[38;2;127;173;235m⠀[38;2;124;169;230m⠀[38;2;121;165;225m⠀[38;2;118;161;221m⠀[38;2;114;157;216m⣶[38;2;111;153;211m⣿[38;2;108;149;206m⣿[38;2;105;145;201m⣽[38;2;102;141;196m⣷[0m
[38;2;162;117;167m⠀[38;2;167;113;160m⠀[38;2;172;109;154m⠀[38;2;177;105;147m⠀[38;2;182;100;140m⠀[38;2;187;96;134m⠀[38;2;192;92;127m⠀[38;2;196;88;120m⢰[38;2;201;84;113m⡈[38;2;206;80;107m⢻[38;2;211;76;100m⡧[38;2;216;72;93m⢕[38;2;221;68;87m⣋[38;2;225;64;80m⠀[38;2;230;60;73m⠀[38;2;235;56;66m⡀[38;2;240;52;60m⠀[38;2;245;48;53m⢧[38;2;250;44;46m⡀[38;2;255;40;40m⠀[38;2;251;44;46m⢻[38;2;247;49;53m⠘[38;2;244;54;60m⡄[38;2;240;58;66m⢣[38;2;237;63;73m⢳[38;2;233;68;80m⢦[38;2;229;72;87m⠘[38;2;226;77;93m⣆[38;2;222;82;100m⢱[38;2;219;86;107m⢸[38;2;215;91;113m⡄[38;2;211;96;120m⣨[38;2;208;100;127m⣖[38;2;204;105;134m⣿[38;2;201;110;140m⣇[38;2;197;115;147m⣴[38;2;193;119;154m⣿[38;2;190;124;160m⣿[38;2;186;129;167m⢿[38;2;183;133;174m⣿[38;2;179;138;181m⣿[38;2;175;143;187m⡟[38;2;172;147;194m⠾[38;2;168;152;201m⣿[38;2;165;157;207m⠀[38;2;161;161;214m⢁[38;2;157;166;221m⣿[38;2;154;171;228m⡆[38;2;150;175;234m⠀[38;2;147;180;241m⢀[38;2;143;185;248m⡄[38;2;140;190;255m⠀[38;2;136;185;250m⢳[38;2;133;181;245m⡇[38;2;130;177;240m⣷[38;2;127;173;235m⠀[38;2;124;169;230m⠀[38;2;121;165;225m⠀[38;2;118;161;221m⠀[38;2;114;157;216m⠀[38;2;111;153;211m⢸[38;2;108;149;206m⣿[38;2;105;145;201m⣿[38;2;102;141;196m⣷[38;2;99;137;192m⣟[0m
[38;2;167;113;160m⠀[38;2;172;109;154m⠀[38;2;177;105;147m⠀[38;2;182;100;140m⠀[38;2;187;96;134m⠀[38;2;192;92;127m⢀[38;2;196;88;120m⠔[38;2;201;84;113m⢉[38;2;206;80;107m⠉[38;2;211;76;100m⢀[38;2;216;72;93m⡀[38;2;221;68;87m⠀[38;2;225;64;80m⠀[38;2;230;60;73m⡇[38;2;235;56;66m⠀[38;2;240;52;60m⠀[38;2;245;48;53m⠀[38;2;250;44;46m⠈[38;2;255;40;40m⣿[38;2;251;44;46m⠀[38;2;247;49;53m⢸[38;2;244;54;60m⠀[38;2;240;58;66m⢻[38;2;237;63;73m⡌[38;2;233;68;80m⣆[38;2;229;72;87m⢳[38;2;226;77;93m⡃[38;2;222;82;100m⠈[38;2;219;86;107m⢯[38;2;215;91;113m⡜[38;2;211;96;120m⣷[38;2;208;100;127m⣁[38;2;204;105;134m⡜[38;2;201;110;140m⡇[38;2;197;115;147m⣿[38;2;193;119;154m⡿[38;2;190;124;160m⠁[38;2;186;129;167m⠹[38;2;183;133;174m⢯[38;2;179;138;181m⣽[38;2;175;143;187m⡿[38;2;172;147;194m⠁[38;2;168;152;201m⠘[38;2;165;157;207m⣿[38;2;161;161;214m⣇[38;2;157;166;221m⢸[38;2;154;171;228m⣿[38;2;150;175;234m⣿[38;2;147;180;241m⠀[38;2;143;185;248m⢸[38;2;140;190;255m⠀[38;2;136;185;250m⠀[38;2;133;181;245m⢸[38;2;130;177;240m⣷[38;2;127;173;235m⡏[38;2;124;169;230m⠀[38;2;121;165;225m⠀[38;2;118;161;221m⠀[38;2;114;157;216m⠀[38;2;111;153;211m⠀[38;2;108;149;206m⢸[38;2;105;145;201m⣿[38;2;102;141;196m⣿[38;2;99;137;192m⡿[38;2;96;133;187m⣿[0m
[38;2;172;109;154m⠀[38;2;177;105;147m⠀[38;2;182;100;140m⠀[38;2;187;96;134m⠀[38;2;192;92;127m⡠[38;2;196;88;120m⠃[38;2;201;84;113m⠀[38;2;206;80;107m⠘[38;2;211;76;100m⢻[38;2;216;72;93m⣭[38;2;221;68;87m⣇[38;2;225;64;80m⠀[38;2;230;60;73m⠀[38;2;235;56;66m⡇[38;2;240;52;60m⠀[38;2;245;48;53m⢰[38;2;250;44;46m⠀[38;2;255;40;40m⠀[38;2;251;44;46m⣹[38;2;247;49;53m⣇[38;2;244;54;60m⠘[38;2;240;58;66m⠃[38;2;237;63;73m⠈[38;2;233;68;80m⣻[38;2;229;72;87m⢾[38;2;226;77;93m⡄[38;2;222;82;100m⠱[38;2;219;86;107m⣄[38;2;215;91;113m⠈[38;2;211;96;120m⢟[38;2;208;100;127m⢻[38;2;204;105;134m⣏[38;2;201;110;140m⢧[38;2;197;115;147m⣷[38;2;193;119;154m⠸[38;2;190;124;160m⠁[38;2;186;129;167m⠀[38;2;183;133;174m⠀[38;2;179;138;181m⠴[38;2;175;143;187m⠋[38;2;172;147;194m⠁[38;2;168;152;201m⠀[38;2;165;157;207m⣰[38;2;161;161;214m⡙[38;2;157;166;221m⣾[38;2;154;171;228m⣼[38;2;150;175;234m⢻[38;2;147;180;241m⣿[38;2;143;185;248m⠀[38;2;140;190;255m⣌[38;2;136;185;250m⡰[38;2;133;181;245m⡇[38;2;130;177;240m⢸[38;2;127;173;235m⡝[38;2;124;169;230m⠀[38;2;121;165;225m⠀[38;2;118;161;221m⠀[38;2;114;157;216m⠀[38;2;111;153;211m⠀[38;2;108;149;206m⠀[38;2;105;145;201m⣼[38;2;102;141;196m⢻[38;2;99;137;192m⣿[38;2;96;133;187m⡇[38;2;93;129;182m⢉[0m
[38;2;177;105;147m⠀[38;2;182;100;140m⠀[38;2;187;96;134m⠠[38;2;192;92;127m⠈[38;2;196;88;120m⠀[38;2;201;84;113m⠀[38;2;206;80;107m⡰[38;2;211;76;100m⠋[38;2;216;72;93m⠉[38;2;221;68;87m⣱[38;2;225;64;80m⠟[38;2;230;60;73m⠀[38;2;235;56;66m⣰[38;2;240;52;60m⠇[38;2;245;48;53m⠀[38;2;250;44;46m⡸[38;2;255;40;40m⠀[38;2;251;44;46m⡴[38;2;247;49;53m⠃[38;2;244;54;60m⢙[38;2;240;58;66m⣻[38;2;237;63;73m⣴[38;2;233;68;80m⠿[38;2;229;72;87m⣿[38;2;226;77;93m⣄[38;2;222;82;100m⠿[38;2;219;86;107m⣦[38;2;215;91;113m⡈[38;2;211;96;120m⢷[38;2;208;100;127m⡌[38;2;204;105;134m⢫[38;2;201;110;140m⡿[38;2;197;115;147m⣾[38;2;193;119;154m⣯[38;2;190;124;160m⡇[38;2;186;129;167m⠀[38;2;183;133;174m⠀[38;2;179;138;181m⠀[38;2;175;143;187m⠀[38;2;172;147;194m⠀[38;2;168;152;201m⠀[38;2;165;157;207m⡜[38;2;161;161;214m⢻[38;2;157;166;221m⣿[38;2;154;171;228m⢇[38;2;150;175;234m⡇[38;2;147;180;241m⣸[38;2;143;185;248m⡿[38;2;140;190;255m⣧[38;2;136;185;250m⣿[38;2;133;181;245m⣧[38;2;130;177;240m⠃[38;2;127;173;235m⡿[38;2;124;169;230m⠃[38;2;121;165;225m⠀[38;2;118;161;221m⠀[38;2;114;157;216m⠀[38;2;111;153;211m⠀[38;2;108;149;206m⠀[38;2;105;145;201m⠀[38;2;102;141;196m⠠[38;2;99;137;192m⣬[38;2;96;133;187m⣋[38;2;93;129;182m⠁[38;2;89;124;177m⠉[0m
[38;2;182;100;140m⠀[38;2;187;96;134m⠀[38;2;192;92;127m⠀[38;2;196;88;120m⠀[38;2;201;84;113m⢠[38;2;206;80;107m⠎[38;2;211;76;100m⠀[38;2;216;72;93m⠀[38;2;221;68;87m⠐[38;2;225;64;80m⣥[38;2;230;60;73m⡶[38;2;235;56;66m⢻[38;2;240;52;60m⡏[38;2;245;48;53m⢀[38;2;250;44;46m⡾[38;2;255;40;40m⢧[38;2;251;44;46m⡼[38;2;247;49;53m⣡[38;2;244;54;60m⣶[38;2;240;58;66m⡟[38;2;237;63;73m⠋[38;2;233;68;80m⠳[38;2;229;72;87m⣄[38;2;226;77;93m⠉[38;2;222;82;100m⠻[38;2;219;86;107m⣄[38;2;215;91;113m⢻[38;2;211;96;120m⡛[38;2;208;100;127m⠳[38;2;204;105;134m⣿[38;2;201;110;140m⣾[38;2;197;115;147m⣿[38;2;193;119;154m⠾[38;2;190;124;160m⣆[38;2;186;129;167m⣱[38;2;183;133;174m⠀[38;2;179;138;181m⠀[38;2;175;143;187m⠀[38;2;172;147;194m⠀[38;2;168;152;201m⢀[38;2;165;157;207m⢮[38;2;161;161;214m⢾[38;2;157;166;221m⡿[38;2;154;171;228m⠋[38;2;150;175;234m⢉[38;2;147;180;241m⡴[38;2;143;185;248m⠃[38;2;140;190;255m⣳[38;2;136;185;250m⣿[38;2;133;181;245m⡿[38;2;130;177;240m⢹[38;2;127;173;235m⣾[38;2;124;169;230m⠁[38;2;121;165;225m⠀[38;2;118;161;221m⠀[38;2;114;157;216m⠀[38;2;111;153;211m⠀[38;2;108;149;206m⠀[38;2;105;145;201m⠀[38;2;102;141;196m⠀[38;2;99;137;192m⠀[38;2;96;133;187m⢹[38;2;93;129;182m⣿[38;2;89;124;177m⣷[38;2;86;120;172m⣦[0m
[38;2;187;96;134m⠀[38;2;192;92;127m⠀[38;2;196;88;120m⢀[38;2;201;84;113m⡔[38;2;206;80;107m⠁[38;2;211;76;100m⠀[38;2;216;72;93m⠀[38;2;221;68;87m⠀[38;2;225;64;80m⠀[38;2;230;60;73m⠄[38;2;235;56;66m⠀[38;2;240;52;60m⠈[38;2;245;48;53m⠳[38;2;250;44;46m⠏[38;2;255;40;40m⠀[38;2;251;44;46m⣠[38;2;247;49;53m⠾[38;2;244;54;60m⢻[38;2;240;58;66m⡁[38;2;237;63;73m⠙[38;2;233;68;80m⢄[38;2;229;72;87m⣀[38;2;226;77;93m⠻[38;2;222;82;100m⢷[38;2;219;86;107m⣦[38;2;215;91;113m⡪[38;2;211;96;120m⣿[38;2;208;100;127m⣷[38;2;204;105;134m⡀[38;2;201;110;140m⠀[38;2;197;115;147m⠙[38;2;193;119;154m⢿[38;2;190;124;160m⣷[38;2;186;129;167m⠀[38;2;183;133;174m⠈[38;2;179;138;181m⠀[38;2;175;143;187m⠀[38;2;172;147;194m⠀[38;2;168;152;201m⠰[38;2;165;157;207m⠃[38;2;161;161;214m⣠[38;2;157;166;221m⣿[38;2;154;171;228m⡡[38;2;150;175;234m⢖[38;2;147;180;241m⣩[38;2;143;185;248m⠔[38;2;140;190;255m⣫[38;2;136;185;250m⣽[38;2;133;181;245m⢟[38;2;130;177;240m⣇[38;2;127;173;235m⡼[38;2;124;169;230m⠁[38;2;121;165;225m⠀[38;2;118;161;221m⠀[38;2;114;157;216m⠀[38;2;111;153;211m⠀[38;2;108;149;206m⠀[38;2;105;145;201m⠀[38;2;102;141;196m⠀[38;2;99;137;192m⠀[38;2;96;133;187m⢰[38;2;93;129;182m⣦[38;2;89;124;177m⡉[38;2;86;120;172m⣾[38;2;83;116;167m⣿[0m
[38;2;192;92;127m⠀[38;2;196;88;120m⠀[38;2;201;84;113m⠎[38;2;206;80;107m⠀[38;2;211;76;100m⠀[38;2;216;72;93m⠀[38;2;221;68;87m⠀[38;2;225;64;80m⢠[38;2;230;60;73m⡠[38;2;235;56;66m⡈[38;2;240;52;60m⠈[38;2;245;48;53m⠀[38;2;250;44;46m⠀[38;2;255;40;40m⣠[38;2;251;44;46m⡾[38;2;247;49;53m⣃[38;2;244;54;60m⠀[38;2;240;58;66m⠀[38;2;237;63;73m⠹[38;2;233;68;80m⡦[38;2;229;72;87m⣄[38;2;226;77;93m⡘[38;2;222;82;100m⢷[38;2;219;86;107m⣄[38;2;215;91;113m⡛[38;2;211;96;120m⣿[38;2;208;100;127m⡼[38;2;204;105;134m⠾[38;2;201;110;140m⣿[38;2;197;115;147m⡄[38;2;193;119;154m⡰[38;2;190;124;160m⠈[38;2;186;129;167m⠀[38;2;183;133;174m⠁[38;2;179;138;181m⠀[38;2;175;143;187m⠀[38;2;172;147;194m⠀[38;2;168;152;201m⠀[38;2;165;157;207m⢠[38;2;161;161;214m⡶[38;2;157;166;221m⣻[38;2;154;171;228m⠟[38;2;150;175;234m⣲[38;2;147;180;241m⢟[38;2;143;185;248m⡥[38;2;140;190;255m⡾[38;2;136;185;250m⡻[38;2;133;181;245m⣃[38;2;130;177;240m⣼[38;2;127;173;235m⠟[38;2;124;169;230m⠀[38;2;121;165;225m⠀[38;2;118;161;221m⠀[38;2;114;157;216m⠀[38;2;111;153;211m⠀[38;2;108;149;206m⠀[38;2;105;145;201m⠀[38;2;102;141;196m⠀[38;2;99;137;192m⠀[38;2;96;133;187m⠀[38;2;93;129;182m⠸[38;2;89;124;177m⣿[38;2;86;120;172m⣷[38;2;83;116;167m⢻[38;2;80;112;162m⣿[0m
[38;2;196;88;120m⠀[38;2;201;84;113m⠀[38;2;206;80;107m⠀[38;2;211;76;100m⠀[38;2;216;72;93m⠀[38;2;221;68;87m⢀[38;2;225;64;80m⣴[38;2;230;60;73m⣫[38;2;235;56;66m⠲[38;2;240;52;60m⣧[38;2;245;48;53m⣥[38;2;250;44;46m⣦[38;2;255;40;40m⣴[38;2;251;44;46m⡛[38;2;247;49;53m⢳[38;2;244;54;60m⣌[38;2;240;58;66m⠳[38;2;237;63;73m⣄[38;2;233;68;80m⡀[38;2;229;72;87m⠘[38;2;226;77;93m⢦[38;2;222;82;100m⡫[38;2;219;86;107m⣝[38;2;215;91;113m⣻[38;2;211;96;120m⣿[38;2;208;100;127m⡾[38;2;204;105;134m⣽[38;2;201;110;140m⣦[38;2;197;115;147m⡀[38;2;193;119;154m⠳[38;2;190;124;160m⡙[38;2;186;129;167m⠶[38;2;183;133;174m⠶[38;2;179;138;181m⠀[38;2;175;143;187m⠀[38;2;172;147;194m⠀[38;2;168;152;201m⠀[38;2;165;157;207m⠀[38;2;161;161;214m⠀[38;2;157;166;221m⠀[38;2;154;171;228m⡠[38;2;150;175;234m⠾[38;2;147;180;241m⢛[38;2;143;185;248m⠟[38;2;140;190;255m⣰[38;2;136;185;250m⣯[38;2;133;181;245m⣿[38;2;130;177;240m⡿[38;2;127;173;235m⠁[38;2;124;169;230m⠀[38;2;121;165;225m⠀[38;2;118;161;221m⠀[38;2;114;157;216m⠀[38;2;111;153;211m⠀[38;2;108;149;206m⠀[38;2;105;145;201m⠀[38;2;102;141;196m⠀[38;2;99;137;192m⠀[38;2;96;133;187m⠀[38;2;93;129;182m⠀[38;2;89;124;177m⢀[38;2;86;120;172m⣰[38;2;83;116;167m⣿[38;2;80;112;162m⢸[38;2;77;108;158m⣿[0m
[38;2;201;84;113m⠀[38;2;206;80;107m⠀[38;2;211;76;100m⢀[38;2;216;72;93m⢭[38;2;221;68;87m⡉[38;2;225;64;80m⢣[38;2;230;60;73m⣿[38;2;235;56;66m⣴[38;2;240;52;60m⠿[38;2;245;48;53m⠟[38;2;250;44;46m⠛[38;2;255;40;40m⠁[38;2;251;44;46m⠈[38;2;247;49;53m⠳[38;2;244;54;60m⡄[38;2;240;58;66m⡇[38;2;237;63;73m⠉[38;2;233;68;80m⠛[38;2;229;72;87m⠿[38;2;226;77;93m⣶[38;2;222;82;100m⣄[38;2;219;86;107m⡙[38;2;215;91;113m⢿[38;2;211;96;120m⣟[38;2;208;100;127m⢿[38;2;204;105;134m⣿[38;2;201;110;140m⣷[38;2;197;115;147m⣿[38;2;193;119;154m⣷[38;2;190;124;160m⢦[38;2;186;129;167m⣤[38;2;183;133;174m⠄[38;2;179;138;181m⠀[38;2;175;143;187m⠛[38;2;172;147;194m⠛[38;2;168;152;201m⠃[38;2;165;157;207m⠀[38;2;161;161;214m⠀[38;2;157;166;221m⠀[38;2;154;171;228m⠀[38;2;150;175;234m⢀[38;2;147;180;241m⡴[38;2;143;185;248m⠋[38;2;140;190;255m⠜[38;2;136;185;250m⢛[38;2;133;181;245m⡡[38;2;130;177;240m⣏[38;2;127;173;235m⣝[38;2;124;169;230m⡦[38;2;121;165;225m⠀[38;2;118;161;221m⠀[38;2;114;157;216m⠀[38;2;111;153;211m⠀[38;2;108;149;206m⠀[38;2;105;145;201m⠀[38;2;102;141;196m⠀[38;2;99;137;192m⠀[38;2;96;133;187m⠀[38;2;93;129;182m⠀[38;2;89;124;177m⠀[38;2;86;120;172m⠈[38;2;83;116;167m⣿[38;2;80;112;162m⣧[38;2;77;108;158m⣼[38;2;74;104;153m⡟[0m
[38;2;206;80;107m⡀[38;2;211;76;100m⠀[38;2;216;72;93m⠚[38;2;221;68;87m⠷[38;2;225;64;80m⣾[38;2;230;60;73m⠚[38;2;235;56;66m⠀[38;2;240;52;60m⠀[38;2;245;48;53m⠀[38;2;250;44;46m⠀[38;2;255;40;40m⠀[38;2;251;44;46m⠀[38;2;247;49;53m⠀[38;2;244;54;60m⠀[38;2;240;58;66m⠈[38;2;237;63;73m⠻[38;2;233;68;80m⣄[38;2;229;72;87m⠀[38;2;226;77;93m⠀[38;2;222;82;100m⠈[38;2;219;86;107m⢿[38;2;215;91;113m⡉[38;2;211;96;120m⢶[38;2;208;100;127m⢮[38;2;204;105;134m⣝[38;2;201;110;140m⣮[38;2;197;115;147m⡽[38;2;193;119;154m⣿[38;2;190;124;160m⣿[38;2;186;129;167m⣿[38;2;183;133;174m⣷[38;2;179;138;181m⣤[38;2;175;143;187m⣴[38;2;172;147;194m⠆[38;2;168;152;201m⠀[38;2;165;157;207m⠀[38;2;161;161;214m⠀[38;2;157;166;221m⠀[38;2;154;171;228m⠀[38;2;150;175;234m⣴[38;2;147;180;241m⣾[38;2;143;185;248m⠥[38;2;140;190;255m⢖[38;2;136;185;250m⡾[38;2;133;181;245m⣟[38;2;130;177;240m⣨[38;2;127;173;235m⣿[38;2;124;169;230m⣿[38;2;121;165;225m⠁[38;2;118;161;221m⠀[38;2;114;157;216m⠀[38;2;111;153;211m⠀[38;2;108;149;206m⠀[38;2;105;145;201m⠀[38;2;102;141;196m⠀[38;2;99;137;192m⠀[38;2;96;133;187m⠀[38;2;93;129;182m⠀[38;2;89;124;177m⠀[38;2;86;120;172m⠀[38;2;83;116;167m⠸[38;2;80;112;162m⣿[38;2;77;108;158m⣿[38;2;74;104;153m⣟[38;2;71;100;148m⣡[0m
[38;2;211;76;100m⠈[38;2;216;72;93m⠑[38;2;221;68;87m⢄[38;2;225;64;80m⣀[38;2;230;60;73m⣀[38;2;235;56;66m⣳[38;2;240;52;60m⠀[38;2;245;48;53m⠀[38;2;250;44;46m⠀[38;2;255;40;40m⠀[38;2;251;44;46m⠀[38;2;247;49;53m⠀[38;2;244;54;60m⠀[38;2;240;58;66m⠀[38;2;237;63;73m⠀[38;2;233;68;80m⠀[38;2;229;72;87m⢀[38;2;226;77;93m⡤[38;2;222;82;100m⠖[38;2;219;86;107m⠋[38;2;215;91;113m⠉[38;2;211;96;120m⠉[38;2;208;100;127m⠛[38;2;204;105;134m⠢[38;2;201;110;140m⢽[38;2;197;115;147m⣯[38;2;193;119;154m⣿[38;2;190;124;160m⣆[38;2;186;129;167m⢷[38;2;183;133;174m⠘[38;2;179;138;181m⣿[38;2;175;143;187m⣿[38;2;172;147;194m⣿[38;2;168;152;201m⠿[38;2;165;157;207m⣶[38;2;161;161;214m⣤[38;2;157;166;221m⣤[38;2;154;171;228m⣴[38;2;150;175;234m⣟[38;2;147;180;241m⣁[38;2;143;185;248m⣤[38;2;140;190;255m⣴[38;2;136;185;250m⡿[38;2;133;181;245m⠿[38;2;130;177;240m⠛[38;2;127;173;235m⢛[38;2;124;169;230m⡟[38;2;121;165;225m⢸[38;2;118;161;221m⠀[38;2;114;157;216m⠀[38;2;111;153;211m⠀[38;2;108;149;206m⠀[38;2;105;145;201m⠀[38;2;102;141;196m⠀[38;2;99;137;192m⠀[38;2;96;133;187m⠀[38;2;93;129;182m⠀[38;2;89;124;177m⠀[38;2;86;120;172m⠀[38;2;83;116;167m⠀[38;2;80;112;162m⠀[38;2;77;108;158m⠀[38;2;74;104;153m⢠[38;2;71;100;148m⣤[38;2;68;96;143m⣄[0m
[38;2;216;72;93m⠄[38;2;221;68;87m⣀[38;2;225;64;80m⡼[38;2;230;60;73m⠁[38;2;235;56;66m⢁[38;2;240;52;60m⠏[38;2;245;48;53m⠀[38;2;250;44;46m⠀[38;2;255;40;40m⠀[38;2;251;44;46m⠀[38;2;247;49;53m⠀[38;2;244;54;60m⠀[38;2;240;58;66m⠀[38;2;237;63;73m⠀[38;2;233;68;80m⢀[38;2;229;72;87m⡴[38;2;226;77;93m⠋[38;2;222;82;100m⠀[38;2;219;86;107m⠀[38;2;215;91;113m⠀[38;2;211;96;120m⠀[38;2;208;100;127m⠀[38;2;204;105;134m⠀[38;2;201;110;140m⠀[38;2;197;115;147m⠀[38;2;193;119;154m⠈[38;2;190;124;160m⢻[38;2;186;129;167m⣿[38;2;183;133;174m⢿[38;2;179;138;181m⠓[38;2;175;143;187m⢶[38;2;172;147;194m⣿[38;2;168;152;201m⣇[38;2;165;157;207m⡀[38;2;161;161;214m⠀[38;2;157;166;221m⠉[38;2;154;171;228m⠻[38;2;150;175;234m⣿[38;2;147;180;241m⡿[38;2;143;185;248m⢿[38;2;140;190;255m⣿[38;2;136;185;250m⡏[38;2;133;181;245m⠁[38;2;130;177;240m⢀[38;2;127;173;235m⠴[38;2;124;169;230m⣺[38;2;121;165;225m⡤[38;2;118;161;221m⢬[38;2;114;157;216m⠀[38;2;111;153;211m⠀[38;2;108;149;206m⠀[38;2;105;145;201m⠀[38;2;102;141;196m⠀[38;2;99;137;192m⠀[38;2;96;133;187m⠀[38;2;93;129;182m⠀[38;2;89;124;177m⠀[38;2;86;120;172m⠀[38;2;83;116;167m⠀[38;2;80;112;162m⠀[38;2;77;108;158m⠀[38;2;74;104;153m⠀[38;2;71;100;148m⠀[38;2;68;96;143m⣿[38;2;65;92;138m⡟[0m
[38;2;221;68;87m⠀[38;2;225;64;80m⢀[38;2;230;60;73m⠼[38;2;235;56;66m⠛[38;2;240;52;60m⠉[38;2;245;48;53m⠀[38;2;250;44;46m⠀[38;2;255;40;40m⠀[38;2;251;44;46m⠀[38;2;247;49;53m⠀[38;2;244;54;60m⠀[38;2;240;58;66m⠀[38;2;237;63;73m⢀[38;2;233;68;80m⣰[38;2;229;72;87m⢿[38;2;226;77;93m⣁[38;2;222;82;100m⠀[38;2;219;86;107m⠀[38;2;215;91;113m⠀[38;2;211;96;120m⠀[38;2;208;100;127m⢠[38;2;204;105;134m⣶[38;2;201;110;140m⣶[38;2;197;115;147m⣶[38;2;193;119;154m⡶[38;2;190;124;160m⠾[38;2;186;129;167m⠟[38;2;183;133;174m⠉[38;2;179;138;181m⢹[38;2;175;143;187m⣶[38;2;172;147;194m⠻[38;2;168;152;201m⣷[38;2;165;157;207m⣤[38;2;161;161;214m⣉[38;2;157;166;221m⣻[38;2;154;171;228m⣄[38;2;150;175;234m⠀[38;2;147;180;241m⠘[38;2;143;185;248m⣿[38;2;140;190;255m⣻[38;2;136;185;250m⣿[38;2;133;181;245m⠁[38;2;130;177;240m⠀[38;2;127;173;235m⢠[38;2;124;169;230m⣞[38;2;121;165;225m⣽[38;2;118;161;221m⣿[38;2;114;157;216m⡟[38;2;111;153;211m⢇[38;2;108;149;206m⠀[38;2;105;145;201m⠀[38;2;102;141;196m⢀[38;2;99;137;192m⡤[38;2;96;133;187m⠔[38;2;93;129;182m⠒[38;2;89;124;177m⠒[38;2;86;120;172m⠲[38;2;83;116;167m⠤[38;2;80;112;162m⡀[38;2;77;108;158m⠀[38;2;74;104;153m⠀[38;2;71;100;148m⠀[38;2;68;96;143m⠀[38;2;65;92;138m⣿[38;2;61;88;133m⡇[0m
[38;2;225;64;80m⠀[38;2;230;60;73m⠀[38;2;235;56;66m⠀[38;2;240;52;60m⠀[38;2;245;48;53m⠀[38;2;250;44;46m⠀[38;2;255;40;40m⠀[38;2;251;44;46m⠀[38;2;247;49;53m⠀[38;2;244;54;60m⡠[38;2;240;58;66m⠖[38;2;237;63;73m⣩[38;2;233;68;80m⠿[38;2;229;72;87m⡿[38;2;226;77;93m⠟[38;2;222;82;100m⣧[38;2;219;86;107m⡳[38;2;215;91;113m⠀[38;2;211;96;120m⣀[38;2;208;100;127m⣠[38;2;204;105;134m⣿[38;2;201;110;140m⡟[38;2;197;115;147m⠀[38;2;193;119;154m⠀[38;2;190;124;160m⠀[38;2;186;129;167m⠀[38;2;183;133;174m⠀[38;2;179;138;181m⣠[38;2;175;143;187m⡿[38;2;172;147;194m⣁[38;2;168;152;201m⠼[38;2;165;157;207m⠉[38;2;161;161;214m⠛[38;2;157;166;221m⠻[38;2;154;171;228m⠿[38;2;150;175;234m⠿[38;2;147;180;241m⣷[38;2;143;185;248m⠀[38;2;140;190;255m⠘[38;2;136;185;250m⢿[38;2;133;181;245m⡏[38;2;130;177;240m⠀[38;2;127;173;235m⣰[38;2;124;169;230m⣿[38;2;121;165;225m⠿[38;2;118;161;221m⠟[38;2;114;157;216m⢫[38;2;111;153;211m⠀[38;2;108;149;206m⠘[38;2;105;145;201m⣿[38;2;102;141;196m⠲[38;2;99;137;192m⡟[38;2;96;133;187m⠓[38;2;93;129;182m⢲[38;2;89;124;177m⠲[38;2;86;120;172m⡖[38;2;83;116;167m⡖[38;2;80;112;162m⠒[38;2;77;108;158m⠚[38;2;74;104;153m⠷[38;2;71;100;148m⡒[38;2;68;96;143m⠢[38;2;65;92;138m⠤[38;2;61;88;133m⣿[38;2;58;84;129m⡇[0m
[38;2;230;60;73m⠀[38;2;235;56;66m⠀[38;2;240;52;60m⠀[38;2;245;48;53m⠀[38;2;250;44;46m⠀[38;2;255;40;40m⠀[38;2;251;44;46m⠀[38;2;247;49;53m⠀[38;2;244;54;60m⡜[38;2;240;58;66m⡄[38;2;237;63;73m⠻[38;2;233;68;80m⡇[38;2;229;72;87m⠀[38;2;226;77;93m⣧[38;2;222;82;100m⣰[38;2;219;86;107m⠃[38;2;215;91;113m⢃[38;2;211;96;120m⠞[38;2;208;100;127m⠋[38;2;204;105;134m⠹[38;2;201;110;140m⣿[38;2;197;115;147m⡀[38;2;193;119;154m⠀[38;2;190;124;160m⢠[38;2;186;129;167m⣶[38;2;183;133;174m⡿[38;2;179;138;181m⠟[38;2;175;143;187m⠋[38;2;172;147;194m⠺[38;2;168;152;201m⢅[38;2;165;157;207m⡀[38;2;161;161;214m⠀[38;2;157;166;221m⠀[38;2;154;171;228m⠀[38;2;150;175;234m⠀[38;2;147;180;241m⠀[38;2;143;185;248m⠀[38;2;140;190;255m⠀[38;2;136;185;250m⠀[38;2;133;181;245m⠉[38;2;130;177;240m⠀[38;2;127;173;235m⠀[38;2;124;169;230m⠀[38;2;121;165;225m⠀[38;2;118;161;221m⠀[38;2;114;157;216m⠀[38;2;111;153;211m⠀[38;2;108;149;206m⠳[38;2;105;145;201m⡀[38;2;102;141;196m⠘[38;2;99;137;192m⠀[38;2;96;133;187m⣤[38;2;93;129;182m⡴[38;2;89;124;177m⣾[38;2;86;120;172m⠶[38;2;83;116;167m⡧[38;2;80;112;162m⣧[38;2;77;108;158m⡤[38;2;74;104;153m⣤[38;2;71;100;148m⠂[38;2;68;96;143m⢣[38;2;65;92;138m⠀[38;2;61;88;133m⠀[38;2;58;84;129m⣿[38;2;55;80;124m⣿[0m
[38;2;235;56;66m⠀[38;2;240;52;60m⠀[38;2;245;48;53m⠀[38;2;250;44;46m⠀[38;2;255;40;40m⠀[38;2;251;44;46m⠀[38;2;247;49;53m⠀[38;2;244;54;60m⣠[38;2;240;58;66m⠟[38;2;237;63;73m⠀[38;2;233;68;80m⢤[38;2;229;72;87m⣭[38;2;226;77;93m⠍[38;2;222;82;100m⠉[38;2;219;86;107m⠀[38;2;215;91;113m⢰[38;2;211;96;120m⢯[38;2;208;100;127m⢞[38;2;204;105;134m⣍[38;2;201;110;140m⠃[38;2;197;115;147m⡘[38;2;193;119;154m⢷[38;2;190;124;160m⣤[38;2;186;129;167m⣿[38;2;183;133;174m⡟[38;2;179;138;181m⠀[38;2;175;143;187m⠀[38;2;172;147;194m⠀[38;2;168;152;201m⠀[38;2;165;157;207m⠀[38;2;161;161;214m⠉[38;2;157;166;221m⢲[38;2;154;171;228m⡤[38;2;150;175;234m⣤[38;2;147;180;241m⣀[38;2;143;185;248m⠀[38;2;140;190;255m⠀[38;2;136;185;250m⠀[38;2;133;181;245m⠀[38;2;130;177;240m⢀[38;2;127;173;235m⠄[38;2;124;169;230m⠀[38;2;121;165;225m⠀[38;2;118;161;221m⠀[38;2;114;157;216m⠀[38;2;111;153;211m⠀[38;2;108;149;206m⠀[38;2;105;145;201m⣀[38;2;102;141;196m⡬[38;2;99;137;192m⡇[38;2;96;133;187m⠀[38;2;93;129;182m⡍[38;2;89;124;177m⠀[38;2;86;120;172m⢸[38;2;83;116;167m⡀[38;2;80;112;162m⡆[38;2;77;108;158m⣇[38;2;74;104;153m⠃[38;2;71;100;148m⡻[38;2;68;96;143m⠀[38;2;65;92;138m⢸[38;2;61;88;133m⠀[38;2;58;84;129m⠀[38;2;55;80;124m⠙[38;2;52;76;119m⠟[0m
[38;2;240;52;60m⠀[38;2;245;48;53m⢲[38;2;250;44;46m⠶[38;2;255;40;40m⣦[38;2;251;44;46m⣀[38;2;247;49;53m⡤[38;2;244;54;60m⠚[38;2;240;58;66m⠁[38;2;237;63;73m⠀[38;2;233;68;80m⠀[38;2;229;72;87m⠀[38;2;226;77;93m⠀[38;2;222;82;100m⠀[38;2;219;86;107m⠀[38;2;215;91;113m⠀[38;2;211;96;120m⣸[38;2;208;100;127m⣿[38;2;204;105;134m⣿[38;2;201;110;140m⣟[38;2;197;115;147m⢆[38;2;193;119;154m⠈[38;2;190;124;160m⢈[38;2;186;129;167m⢿[38;2;183;133;174m⡿[38;2;179;138;181m⠀[38;2;175;143;187m⠀[38;2;172;147;194m⠀[38;2;168;152;201m⠀[38;2;165;157;207m⠀[38;2;161;161;214m⠀[38;2;157;166;221m⠀[38;2;154;171;228m⠀[38;2;150;175;234m⠀[38;2;147;180;241m⠀[38;2;143;185;248m⠈[38;2;140;190;255m⠉[38;2;136;185;250m⠑[38;2;133;181;245m⣄[38;2;130;177;240m⠀[38;2;127;173;235m⡸[38;2;124;169;230m⠀[38;2;121;165;225m⠀[38;2;118;161;221m⣤[38;2;114;157;216m⠄[38;2;111;153;211m⠀[38;2;108;149;206m⠀[38;2;105;145;201m⠉[38;2;102;141;196m⠑[38;2;99;137;192m⠃[38;2;96;133;187m⠸[38;2;93;129;182m⡤[38;2;89;124;177m⠉[38;2;86;120;172m⠉[38;2;83;116;167m⠉[38;2;80;112;162m⠉[38;2;77;108;158m⠉[38;2;74;104;153m⠁[38;2;71;100;148m⠀[38;2;68;96;143m⠀[38;2;65;92;138m⠀[38;2;61;88;133m⣮[38;2;58;84;129m⡄[38;2;55;80;124m⠀[38;2;52;76;119m⠀[38;2;49;72;114m⠀[0m
[38;2;245;48;53m⠀[38;2;250;44;46m⠀[38;2;255;40;40m⣡[38;2;251;44;46m⠸[38;2;247;49;53m⡏[38;2;244;54;60m⠀[38;2;240;58;66m⠀[38;2;237;63;73m⠀[38;2;233;68;80m⠀[38;2;229;72;87m⠀[38;2;226;77;93m⠀[38;2;222;82;100m⠀[38;2;219;86;107m⠀[38;2;215;91;113m⠀[38;2;211;96;120m⠀[38;2;208;100;127m⣿[38;2;204;105;134m⣿[38;2;201;110;140m⣿[38;2;197;115;147m⣿[38;2;193;119;154m⡌[38;2;190;124;160m⠹[38;2;186;129;167m⡈[38;2;183;133;174m⢛[38;2;179;138;181m⣿[38;2;175;143;187m⠀[38;2;172;147;194m⠀[38;2;168;152;201m⠀[38;2;165;157;207m⠀[38;2;161;161;214m⠀[38;2;157;166;221m⠀[38;2;154;171;228m⠀[38;2;150;175;234m⠀[38;2;147;180;241m⠀[38;2;143;185;248m⠀[38;2;140;190;255m⠀[38;2;136;185;250m⠀[38;2;133;181;245m⠀[38;2;130;177;240m⠸[38;2;127;173;235m⡆[38;2;124;169;230m⡇[38;2;121;165;225m⠀[38;2;118;161;221m⣸[38;2;114;157;216m⠋[38;2;111;153;211m⠀[38;2;108;149;206m⠀[38;2;105;145;201m⠀[38;2;102;141;196m⠀[38;2;99;137;192m⠀[38;2;96;133;187m⠀[38;2;93;129;182m⠀[38;2;89;124;177m⠘[38;2;86;120;172m⠦[38;2;83;116;167m⣀[38;2;80;112;162m⠀[38;2;77;108;158m⠀[38;2;74;104;153m⠀[38;2;71;100;148m⠀[38;2;68;96;143m⢀[38;2;65;92;138m⣠[38;2;61;88;133m⢾[38;2;58;84;129m⣿[38;2;55;80;124m⡇[38;2;52;76;119m⠀[38;2;49;72;114m⠀[38;2;46;68;109m⣴[0m
[38;2;250;44;46m⠀[38;2;255;40;40m⠀[38;2;251;44;46m⠁[38;2;247;49;53m⠀[38;2;244;54;60m⠇[38;2;240;58;66m⠀[38;2;237;63;73m⠀[38;2;233;68;80m⠀[38;2;229;72;87m⠀[38;2;226;77;93m⠀[38;2;222;82;100m⠀[38;2;219;86;107m⠀[38;2;215;91;113m⠀[38;2;211;96;120m⠀[38;2;208;100;127m⣰[38;2;204;105;134m⣿[38;2;201;110;140m⣿[38;2;197;115;147m⣿[38;2;193;119;154m⣿[38;2;190;124;160m⣿[38;2;186;129;167m⡄[38;2;183;133;174m⠃[38;2;179;138;181m⢸[38;2;175;143;187m⠏[38;2;172;147;194m⠀[38;2;168;152;201m⠀[38;2;165;157;207m⠀[38;2;161;161;214m⠀[38;2;157;166;221m⠀[38;2;154;171;228m⠀[38;2;150;175;234m⠀[38;2;147;180;241m⠀[38;2;143;185;248m⠀[38;2;140;190;255m⠀[38;2;136;185;250m⠀[38;2;133;181;245m⠀[38;2;130;177;240m⠀[38;2;127;173;235m⠀[38;2;124;169;230m⢱[38;2;121;165;225m⣇[38;2;118;161;221m⣴[38;2;114;157;216m⠃[38;2;111;153;211m⠀[38;2;108;149;206m⠀[38;2;105;145;201m⠀[38;2;102;141;196m⠀[38;2;99;137;192m⠀[38;2;96;133;187m⠀[38;2;93;129;182m⠀[38;2;89;124;177m⠀[38;2;86;120;172m⠀[38;2;83;116;167m⠀[38;2;80;112;162m⡀[38;2;77;108;158m⠉[38;2;74;104;153m⣷[38;2;71;100;148m⣶[38;2;68;96;143m⣯[38;2;65;92;138m⣽[38;2;61;88;133m⣿[38;2;58;84;129m⣿[38;2;55;80;124m⣿[38;2;52;76;119m⡇[38;2;49;72;114m⣠[38;2;46;68;109m⡾[38;2;43;64;104m⠟[0m
