[38;2;100;170;255m⠀[38;2;100;170;255m⠀[38;2;111;160;238m⠀[38;2;123;150;221m⠀[38;2;135;140;205m⠀[38;2;147;130;188m⠀[38;2;159;120;172m⠀[38;2;171;110;155m⠀[38;2;183;100;139m⠀[38;2;195;90;122m⢀[38;2;207;80;106m⣀[38;2;219;70;89m⠀[38;2;231;60;73m⢀[38;2;243;50;56m⣄[38;2;255;40;40m⠠[38;2;246;51;56m⠄[38;2;237;63;73m⠄[38;2;228;74;89m⣀[38;2;219;86;106m⠀[38;2;210;97;122m⠀[38;2;201;109;139m⠀[38;2;193;120;155m⠀[38;2;184;132;172m⠀[38;2;175;143;188m⠀[38;2;166;155;205m⠀[38;2;157;166;221m⠀[0m
[38;2;100;170;255m⠀[38;2;111;160;238m⠀[38;2;123;150;221m⠀[38;2;135;140;205m⠀[38;2;147;130;188m⠀[38;2;159;120;172m⠀[38;2;171;110;155m⠀[38;2;183;100;139m⡀[38;2;195;90;122m⠀[38;2;207;80;106m⠁[38;2;219;70;89m⠀[38;2;231;60;73m⠀[38;2;243;50;56m⠀[38;2;255;40;40m⠈[38;2;246;51;56m⠣[38;2;237;63;73m⡶[38;2;228;74;89m⠠[38;2;219;86;106m⠁[38;2;210;97;122m⢈[38;2;201;109;139m⠂[38;2;193;120;155m⢄[38;2;184;132;172m⠀[38;2;175;143;188m⠀[38;2;166;155;205m⠀[38;2;157;166;221m⠀[38;2;148;178;238m⠀[0m
[38;2;111;160;238m⠀[38;2;123;150;221m⠀[38;2;135;140;205m⠀[38;2;147;130;188m⠀[38;2;159;120;172m⠀[38;2;171;110;155m⢀[38;2;183;100;139m⠞[38;2;195;90;122m⠁[38;2;207;80;106m⠀[38;2;219;70;89m⠀[38;2;231;60;73m⠀[38;2;243;50;56m⠀[38;2;255;40;40m⢀[38;2;246;51;56m⡀[38;2;237;63;73m⠀[38;2;228;74;89m⠈[38;2;219;86;106m⢖[38;2;210;97;122m⢂[38;2;201;109;139m⠤[38;2;193;120;155m⡈[38;2;184;132;172m⠀[38;2;175;143;188m⢕[38;2;166;155;205m⢄[38;2;157;166;221m⠀[38;2;148;178;238m⠀[38;2;140;190;255m⠀[0m
[38;2;123;150;221m⠀[38;2;135;140;205m⠀[38;2;147;130;188m⠀[38;2;159;120;172m⠀[38;2;171;110;155m⢠[38;2;183;100;139m⢁[38;2;195;90;122m⢴[38;2;207;80;106m⠃[38;2;219;70;89m⠀[38;2;231;60;73m⢀[38;2;243;50;56m⣤[38;2;255;40;40m⠖[38;2;246;51;56m⠁[38;2;237;63;73m⠀[38;2;228;74;89m⢀[38;2;219;86;106m⠔[38;2;210;97;122m⠉[38;2;201;109;139m⠀[38;2;193;120;155m⢁[38;2;184;132;172m⠀[38;2;175;143;188m⠑[38;2;166;155;205m⠀[38;2;157;166;221m⢙[38;2;148;178;238m⢦[38;2;140;190;255m⠀[38;2;132;180;243m⠀[0m
[38;2;135;140;205m⠀[38;2;147;130;188m⠀[38;2;159;120;172m⠀[38;2;171;110;155m⠀[38;2;183;100;139m⡾[38;2;195;90;122m⣡[38;2;207;80;106m⠃[38;2;219;70;89m⢰[38;2;231;60;73m⢈[38;2;243;50;56m⠞[38;2;255;40;40m⢓[38;2;246;51;56m⢀[38;2;237;63;73m⠆[38;2;228;74;89m⢀[38;2;219;86;106m⠆[38;2;210;97;122m⠀[38;2;201;109;139m⡆[38;2;193;120;155m⠘[38;2;184;132;172m⡀[38;2;175;143;188m⡗[38;2;166;155;205m⢆[38;2;157;166;221m⡗[38;2;148;178;238m⢅[38;2;140;190;255m⡈[38;2;132;180;243m⢆[38;2;124;170;231m⠀[0m
[38;2;147;130;188m⠀[38;2;159;120;172m⠀[38;2;171;110;155m⠀[38;2;183;100;139m⢠[38;2;195;90;122m⡕[38;2;207;80;106m⠇[38;2;219;70;89m⠀[38;2;231;60;73m⣇[38;2;243;50;56m⠶[38;2;255;40;40m⢠[38;2;246;51;56m⣣[38;2;237;63;73m⢊[38;2;228;74;89m⢠[38;2;219;86;106m⠃[38;2;210;97;122m⠀[38;2;201;109;139m⢸[38;2;193;120;155m⠀[38;2;184;132;172m⠀[38;2;175;143;188m⠀[38;2;166;155;205m⡇[38;2;157;166;221m⢲[38;2;148;178;238m⠫[38;2;140;190;255m⡇[38;2;132;180;243m⠇[38;2;124;170;231m⡈[38;2;116;159;219m⡆[0m
[38;2;159;120;172m⠀[38;2;171;110;155m⠀[38;2;183;100;139m⠀[38;2;195;90;122m⠈[38;2;207;80;106m⠱[38;2;219;70;89m⣠[38;2;231;60;73m⡇[38;2;243;50;56m⠇[38;2;255;40;40m⠒[38;2;246;51;56m⣾[38;2;237;63;73m⢡[38;2;228;74;89m⠾[38;2;219;86;106m⢸[38;2;210;97;122m⠀[38;2;201;109;139m⢀[38;2;193;120;155m⠆[38;2;184;132;172m⠀[38;2;175;143;188m⠀[38;2;166;155;205m⢄[38;2;157;166;221m⣿[38;2;148;178;238m⢸[38;2;140;190;255m⠀[38;2;132;180;243m⣱[38;2;124;170;231m⡃[38;2;116;159;219m⣅[38;2;109;149;207m⡇[0m
[38;2;171;110;155m⠀[38;2;183;100;139m⠀[38;2;195;90;122m⠀[38;2;207;80;106m⠀[38;2;219;70;89m⢤[38;2;231;60;73m⣇[38;2;243;50;56m⢸[38;2;255;40;40m⡆[38;2;246;51;56m⢰[38;2;237;63;73m⣿[38;2;228;74;89m⣷[38;2;219;86;106m⣒[38;2;210;97;122m⣧[38;2;201;109;139m⢧[38;2;193;120;155m⡜[38;2;184;132;172m⣠[38;2;175;143;188m⡞[38;2;166;155;205m⣼[38;2;157;166;221m⣮[38;2;148;178;238m⣿[38;2;140;190;255m⡇[38;2;132;180;243m⣰[38;2;124;170;231m⣥[38;2;116;159;219m⣧[38;2;109;149;207m⢹[38;2;101;140;195m⠇[0m
[38;2;183;100;139m⠀[38;2;195;90;122m⠀[38;2;207;80;106m⠀[38;2;219;70;89m⠀[38;2;231;60;73m⠈[38;2;243;50;56m⢿[38;2;255;40;40m⣖[38;2;246;51;56m⢇[38;2;237;63;73m⣾[38;2;228;74;89m⡍[38;2;219;86;106m⠛[38;2;210;97;122m⠃[38;2;201;109;139m⠈[38;2;193;120;155m⣼[38;2;184;132;172m⠿[38;2;175;143;188m⢻[38;2;166;155;205m⠟[38;2;157;166;221m⠿[38;2;148;178;238m⠇[38;2;140;190;255m⣹[38;2;132;180;243m⣿[38;2;124;170;231m⣿[38;2;116;159;219m⢻[38;2;109;149;207m⠇[38;2;101;140;195m⠈[38;2;93;130;183m⠀[0m
[38;2;195;90;122m⠀[38;2;207;80;106m⠀[38;2;219;70;89m⠀[38;2;231;60;73m⠀[38;2;243;50;56m⠀[38;2;255;40;40m⠀[38;2;246;51;56m⢙[38;2;237;63;73m⣿[38;2;228;74;89m⣗[38;2;219;86;106m⢽[38;2;210;97;122m⣗[38;2;201;109;139m⠤[38;2;193;120;155m⠘[38;2;184;132;172m⠁[38;2;175;143;188m⠐[38;2;166;155;205m⡁[38;2;157;166;221m⠀[38;2;148;178;238m⠤[38;2;140;190;255m⣾[38;2;132;180;243m⣿[38;2;124;170;231m⣿[38;2;116;159;219m⣿[38;2;109;149;207m⠀[38;2;101;140;195m⠀[38;2;93;130;183m⠀[38;2;86;119;171m⠀[0m
[38;2;207;80;106m⠀[38;2;219;70;89m⠀[38;2;231;60;73m⠀[38;2;243;50;56m⠀[38;2;255;40;40m⠀[38;2;246;51;56m⢀[38;2;237;63;73m⠞[38;2;228;74;89m⠉[38;2;219;86;106m⠀[38;2;210;97;122m⠈[38;2;201;109;139m⠉[38;2;193;120;155m⢳[38;2;184;132;172m⠦[38;2;175;143;188m⠤[38;2;166;155;205m⠬[38;2;157;166;221m⠁[38;2;148;178;238m⢒[38;2;140;190;255m⣾[38;2;132;180;243m⣿[38;2;124;170;231m⣿[38;2;116;159;219m⡟[38;2;109;149;207m⡏[38;2;101;140;195m⠀[38;2;93;130;183m⠀[38;2;86;119;171m⠀[38;2;78;109;159m⠀[0m
[38;2;219;70;89m⠀[38;2;231;60;73m⠀[38;2;243;50;56m⠀[38;2;255;40;40m⢀[38;2;246;51;56m⡰[38;2;237;63;73m⠁[38;2;228;74;89m⠀[38;2;219;86;106m⠀[38;2;210;97;122m⠀[38;2;201;109;139m⠀[38;2;193;120;155m⠀[38;2;184;132;172m⠈[38;2;175;143;188m⣧[38;2;166;155;205m⣀[38;2;157;166;221m⠄[38;2;148;178;238m⠚[38;2;140;190;255m⢿[38;2;132;180;243m⠿[38;2;124;170;231m⠋[38;2;116;159;219m⠘[38;2;109;149;207m⠀[38;2;101;140;195m⠀[38;2;93;130;183m⠀[38;2;86;119;171m⠀[38;2;78;109;159m⠀[38;2;70;99;147m⠀[0m
[38;2;231;60;73m⠀[38;2;243;50;56m⠠[38;2;255;40;40m⠂[38;2;246;51;56m⣵[38;2;237;63;73m⠁[38;2;228;74;89m⣠[38;2;219;86;106m⣿[38;2;210;97;122m⡿[38;2;201;109;139m⡆[38;2;193;120;155m⠀[38;2;184;132;172m⠀[38;2;175;143;188m⠀[38;2;166;155;205m⠟[38;2;157;166;221m⠁[38;2;148;178;238m⠀[38;2;140;190;255m⠀[38;2;132;180;243m⠀[38;2;124;170;231m⠀[38;2;116;159;219m⠀[38;2;109;149;207m⠀[38;2;101;140;195m⠀[38;2;93;130;183m⠀[38;2;86;119;171m⠀[38;2;78;109;159m⠀[38;2;70;99;147m⠀[38;2;63;89;135m⠀[0m
[38;2;243;50;56m⢀[38;2;255;40;40m⣁[38;2;246;51;56m⣸[38;2;237;63;73m⣿[38;2;228;74;89m⠀[38;2;219;86;106m⢯[38;2;210;97;122m⠗[38;2;201;109;139m⠘[38;2;193;120;155m⠁[38;2;184;132;172m⠀[38;2;175;143;188m⠀[38;2;166;155;205m⢸[38;2;157;166;221m⣷[38;2;148;178;238m⡄[38;2;140;190;255m⡀[38;2;132;180;243m⠀[38;2;124;170;231m⠀[38;2;116;159;219m⠀[38;2;109;149;207m⠀[38;2;101;140;195m⠀[38;2;93;130;183m⠀[38;2;86;119;171m⠀[38;2;78;109;159m⠀[38;2;70;99;147m⠀[38;2;63;89;135m⠀[38;2;55;80;123m⠀[0m
[38;2;255;40;40m⢨[38;2;246;51;56m⢠[38;2;237;63;73m⣿[38;2;228;74;89m⣿[38;2;219;86;106m⠀[38;2;210;97;122m⠀[38;2;201;109;139m⠁[38;2;193;120;155m⠀[38;2;184;132;172m⠀[38;2;175;143;188m⠀[38;2;166;155;205m⣶[38;2;157;166;221m⡏[38;2;148;178;238m⢻[38;2;140;190;255m⣧[38;2;132;180;243m⡈[38;2;124;170;231m⠑[38;2;116;159;219m⠀[38;2;109;149;207m⠀[38;2;101;140;195m⠀[38;2;93;130;183m⠀[38;2;86;119;171m⠀[38;2;78;109;159m⠀[38;2;70;99;147m⠀[38;2;63;89;135m⠀[38;2;55;80;123m⠀[38;2;47;70;111m⠀[0m
