[38;2;100;170;255m⠀[38;2;100;170;255m⠀[38;2;107;164;245m⠀[38;2;114;158;235m⠀[38;2;121;152;225m⠀[38;2;128;146;215m⠀[38;2;135;140;205m⠀[38;2;142;134;195m⠀[38;2;150;128;185m⠀[38;2;157;122;175m⠀[38;2;164;116;165m⠀[38;2;171;110;155m⠀[38;2;178;104;145m⠀[38;2;185;98;135m⠀[38;2;193;91;125m⠀[38;2;200;86;116m⠀[38;2;207;80;106m⠀[38;2;214;74;96m⠀[38;2;221;67;86m⠀[38;2;228;62;76m⠀[38;2;235;56;66m⠀[38;2;243;50;56m⠀[38;2;250;43;46m⠀[38;2;253;42;43m⠀[38;2;247;49;53m⠀[38;2;242;56;63m⣀[38;2;237;63;73m⣀[38;2;232;70;83m⠀[38;2;226;76;92m⠀[38;2;221;83;102m⠀[38;2;216;90;112m⠀[38;2;210;97;122m⠀[38;2;205;104;132m⠀[38;2;200;111;142m⠀[38;2;194;118;152m⠀[38;2;189;125;162m⠀[38;2;184;132;172m⠀[38;2;178;139;182m⠀[38;2;173;146;192m⠀[38;2;168;153;202m⠀[38;2;163;160;212m⠀[38;2;157;166;221m⠀[0m
[38;2;100;170;255m⠀[38;2;107;164;245m⠀[38;2;114;158;235m⠀[38;2;121;152;225m⠀[38;2;128;146;215m⠀[38;2;135;140;205m⠀[38;2;142;134;195m⠀[38;2;150;128;185m⠀[38;2;157;122;175m⠀[38;2;164;116;165m⠀[38;2;171;110;155m⠀[38;2;178;104;145m⠀[38;2;185;98;135m⠀[38;2;193;91;125m⠀[38;2;200;86;116m⢀[38;2;207;80;106m⣴[38;2;214;74;96m⠶[38;2;221;67;86m⠛[38;2;228;62;76m⠋[38;2;235;56;66m⠉[38;2;243;50;56m⠐[38;2;250;43;46m⠻[38;2;253;42;43m⣷[38;2;247;49;53m⣊[38;2;242;56;63m⠉[38;2;237;63;73m⠀[38;2;232;70;83m⠀[38;2;226;76;92m⠯[38;2;221;83;102m⣔[38;2;216;90;112m⠤[38;2;210;97;122m⣀[38;2;205;104;132m⠀[38;2;200;111;142m⠀[38;2;194;118;152m⠀[38;2;189;125;162m⠀[38;2;184;132;172m⠀[38;2;178;139;182m⠀[38;2;173;146;192m⠀[38;2;168;153;202m⠀[38;2;163;160;212m⠀[38;2;157;166;221m⠀[38;2;152;173;231m⠀[0m
[38;2;107;164;245m⠀[38;2;114;158;235m⠀[38;2;121;152;225m⠀[38;2;128;146;215m⠀[38;2;135;140;205m⠀[38;2;142;134;195m⠀[38;2;150;128;185m⠀[38;2;157;122;175m⠀[38;2;164;116;165m⠀[38;2;171;110;155m⠀[38;2;178;104;145m⠀[38;2;185;98;135m⠀[38;2;193;91;125m⠀[38;2;200;86;116m⠀[38;2;207;80;106m⠈[38;2;214;74;96m⠁[38;2;221;67;86m⠀[38;2;228;62;76m⠀[38;2;235;56;66m⠀[38;2;243;50;56m⠀[38;2;250;43;46m⠀[38;2;253;42;43m⠀[38;2;247;49;53m⠈[38;2;242;56;63m⠙[38;2;237;63;73m⢤[38;2;232;70;83m⣶[38;2;226;76;92m⣋[38;2;221;83;102m⣀[38;2;216;90;112m⣀[38;2;210;97;122m⠁[38;2;205;104;132m⠀[38;2;200;111;142m⠙[38;2;194;118;152m⠢[38;2;189;125;162m⣄[38;2;184;132;172m⠀[38;2;178;139;182m⠀[38;2;173;146;192m⠀[38;2;168;153;202m⠀[38;2;163;160;212m⠀[38;2;157;166;221m⠀[38;2;152;173;231m⠀[38;2;147;180;241m⠀[0m
[38;2;114;158;235m⠀[38;2;121;152;225m⠀[38;2;128;146;215m⠀[38;2;135;140;205m⠀[38;2;142;134;195m⠀[38;2;150;128;185m⠀[38;2;157;122;175m⠀[38;2;164;116;165m⠀[38;2;171;110;155m⠀[38;2;178;104;145m⠀[38;2;185;98;135m⣠[38;2;193;91;125m⡾[38;2;200;86;116m⠁[38;2;207;80;106m⠀[38;2;214;74;96m⠀[38;2;221;67;86m⠀[38;2;228;62;76m⠀[38;2;235;56;66m⠀[38;2;243;50;56m⠀[38;2;250;43;46m⠀[38;2;253;42;43m⠀[38;2;247;49;53m⠀[38;2;242;56;63m⠀[38;2;237;63;73m⠀[38;2;232;70;83m⠀[38;2;226;76;92m⠻[38;2;221;83;102m⣄[38;2;216;90;112m⣀[38;2;210;97;122m⡀[38;2;205;104;132m⠀[38;2;200;111;142m⠀[38;2;194;118;152m⠁[38;2;189;125;162m⠢[38;2;184;132;172m⢄[38;2;178;139;182m⠑[38;2;173;146;192m⣤[38;2;168;153;202m⡀[38;2;163;160;212m⠀[38;2;157;166;221m⠀[38;2;152;173;231m⠀[38;2;147;180;241m⠀[38;2;141;187;251m⠀[0m
[38;2;121;152;225m⠀[38;2;128;146;215m⠀[38;2;135;140;205m⠀[38;2;142;134;195m⠀[38;2;150;128;185m⠀[38;2;157;122;175m⠀[38;2;164;116;165m⠀[38;2;171;110;155m⠀[38;2;178;104;145m⢀[38;2;185;98;135m⡼[38;2;193;91;125m⠋[38;2;200;86;116m⠀[38;2;207;80;106m⡀[38;2;214;74;96m⠀[38;2;221;67;86m⠀[38;2;228;62;76m⠀[38;2;235;56;66m⠀[38;2;243;50;56m⠀[38;2;250;43;46m⠀[38;2;253;42;43m⠀[38;2;247;49;53m⢀[38;2;242;56;63m⡠[38;2;237;63;73m⠄[38;2;232;70;83m⠀[38;2;226;76;92m⠀[38;2;221;83;102m⠀[38;2;216;90;112m⠙[38;2;210;97;122m⣄[38;2;205;104;132m⠈[38;2;200;111;142m⣙[38;2;194;118;152m⠲[38;2;189;125;162m⢤[38;2;184;132;172m⡀[38;2;178;139;182m⠀[38;2;173;146;192m⠑[38;2;168;153;202m⢌[38;2;163;160;212m⣻[38;2;157;166;221m⣄[38;2;152;173;231m⠀[38;2;147;180;241m⠀[38;2;141;187;251m⠀[38;2;136;185;250m⠀[0m
[38;2;128;146;215m⠀[38;2;135;140;205m⠀[38;2;142;134;195m⠀[38;2;150;128;185m⠀[38;2;157;122;175m⠀[38;2;164;116;165m⠀[38;2;171;110;155m⠀[38;2;178;104;145m⢠[38;2;185;98;135m⠎[38;2;193;91;125m⠀[38;2;200;86;116m⡠[38;2;207;80;106m⡾[38;2;214;74;96m⠀[38;2;221;67;86m⠀[38;2;228;62;76m⠀[38;2;235;56;66m⠀[38;2;243;50;56m⠀[38;2;250;43;46m⢀[38;2;253;42;43m⣤[38;2;247;49;53m⠖[38;2;242;56;63m⠉[38;2;237;63;73m⠀[38;2;232;70;83m⠀[38;2;226;76;92m⠀[38;2;221;83;102m⠀[38;2;216;90;112m⣠[38;2;210;97;122m⠖[38;2;205;104;132m⠉[38;2;200;111;142m⠣[38;2;194;118;152m⠈[38;2;189;125;162m⠑[38;2;184;132;172m⠀[38;2;178;139;182m⠈[38;2;173;146;192m⠑[38;2;168;153;202m⠄[38;2;163;160;212m⠀[38;2;157;166;221m⠉[38;2;152;173;231m⢿[38;2;147;180;241m⣦[38;2;141;187;251m⠀[38;2;136;185;250m⠀[38;2;132;180;243m⠀[0m
[38;2;135;140;205m⠀[38;2;142;134;195m⠀[38;2;150;128;185m⠀[38;2;157;122;175m⠀[38;2;164;116;165m⠀[38;2;171;110;155m⠀[38;2;178;104;145m⠀[38;2;185;98;135m⣞[38;2;193;91;125m⣠[38;2;200;86;116m⠞[38;2;207;80;106m⡰[38;2;214;74;96m⠁[38;2;221;67;86m⠀[38;2;228;62;76m⠀[38;2;235;56;66m⡀[38;2;243;50;56m⣠[38;2;250;43;46m⣾[38;2;253;42;43m⠟[38;2;247;49;53m⠁[38;2;242;56;63m⠀[38;2;237;63;73m⠀[38;2;232;70;83m⠀[38;2;226;76;92m⠀[38;2;221;83;102m⢰[38;2;216;90;112m⠞[38;2;210;97;122m⠀[38;2;205;104;132m⠀[38;2;200;111;142m⡄[38;2;194;118;152m⠀[38;2;189;125;162m⡀[38;2;184;132;172m⠘[38;2;178;139;182m⣄[38;2;173;146;192m⠀[38;2;168;153;202m⠀[38;2;163;160;212m⠢[38;2;157;166;221m⡀[38;2;152;173;231m⢀[38;2;147;180;241m⠢[38;2;141;187;251m⠙[38;2;136;185;250m⣧[38;2;132;180;243m⠀[38;2;127;173;235m⠀[0m
[38;2;142;134;195m⠀[38;2;150;128;185m⠀[38;2;157;122;175m⠀[38;2;164;116;165m⠀[38;2;171;110;155m⠀[38;2;178;104;145m⠀[38;2;185;98;135m⢸[38;2;193;91;125m⣿[38;2;200;86;116m⢇[38;2;207;80;106m⡴[38;2;214;74;96m⠁[38;2;221;67;86m⠀[38;2;228;62;76m⡆[38;2;235;56;66m⠈[38;2;243;50;56m⢠[38;2;250;43;46m⡿[38;2;253;42;43m⠛[38;2;247;49;53m⢳[38;2;242;56;63m⡄[38;2;237;63;73m⢀[38;2;232;70;83m⠇[38;2;226;76;92m⠀[38;2;221;83;102m⢠[38;2;216;90;112m⠞[38;2;210;97;122m⠀[38;2;205;104;132m⠀[38;2;200;111;142m⢰[38;2;194;118;152m⠁[38;2;189;125;162m⠀[38;2;184;132;172m⢧[38;2;178;139;182m⠀[38;2;173;146;192m⢻[38;2;168;153;202m⠱[38;2;163;160;212m⣦[38;2;157;166;221m⢰[38;2;152;173;231m⡞[38;2;147;180;241m⢧[38;2;141;187;251m⣀[38;2;136;185;250m⠀[38;2;132;180;243m⠘[38;2;127;173;235m⣧[38;2;123;168;228m⠀[0m
[38;2;150;128;185m⠀[38;2;157;122;175m⠀[38;2;164;116;165m⠀[38;2;171;110;155m⠀[38;2;178;104;145m⠀[38;2;185;98;135m⠀[38;2;193;91;125m⡼[38;2;200;86;116m⢡[38;2;207;80;106m⣿[38;2;214;74;96m⠃[38;2;221;67;86m⠀[38;2;228;62;76m⢠[38;2;235;56;66m⡇[38;2;243;50;56m⣰[38;2;250;43;46m⠋[38;2;253;42;43m⠀[38;2;247;49;53m⢰[38;2;242;56;63m⠏[38;2;237;63;73m⢠[38;2;232;70;83m⠏[38;2;226;76;92m⠀[38;2;221;83;102m⣰[38;2;216;90;112m⠋[38;2;210;97;122m⠀[38;2;205;104;132m⠀[38;2;200;111;142m⢠[38;2;194;118;152m⡟[38;2;189;125;162m⠀[38;2;184;132;172m⠘[38;2;178;139;182m⠀[38;2;173;146;192m⠇[38;2;168;153;202m⢸[38;2;163;160;212m⠀[38;2;157;166;221m⠈[38;2;152;173;231m⢻[38;2;147;180;241m⡳[38;2;141;187;251m⡤[38;2;136;185;250m⣈[38;2;132;180;243m⣷[38;2;127;173;235m⠀[38;2;123;168;228m⠸[38;2;118;161;221m⣆[0m
[38;2;157;122;175m⠀[38;2;164;116;165m⠀[38;2;171;110;155m⠀[38;2;178;104;145m⠀[38;2;185;98;135m⠀[38;2;193;91;125m⢸[38;2;200;86;116m⣷[38;2;207;80;106m⣏[38;2;214;74;96m⡇[38;2;221;67;86m⠀[38;2;228;62;76m⠀[38;2;235;56;66m⢸[38;2;243;50;56m⢠[38;2;250;43;46m⢿[38;2;253;42;43m⠟[38;2;247;49;53m⠀[38;2;242;56;63m⣏[38;2;237;63;73m⡴[38;2;232;70;83m⢃[38;2;226;76;92m⡄[38;2;221;83;102m⢠[38;2;216;90;112m⠃[38;2;210;97;122m⠀[38;2;205;104;132m⠀[38;2;200;111;142m⠀[38;2;194;118;152m⢸[38;2;189;125;162m⠃[38;2;184;132;172m⠀[38;2;178;139;182m⠀[38;2;173;146;192m⠀[38;2;168;153;202m⠀[38;2;163;160;212m⢸[38;2;157;166;221m⡇[38;2;152;173;231m⠘[38;2;147;180;241m⡇[38;2;141;187;251m⠹[38;2;136;185;250m⣼[38;2;132;180;243m⠀[38;2;127;173;235m⢻[38;2;123;168;228m⠀[38;2;118;161;221m⡄[38;2;113;156;214m⢸[0m
[38;2;164;116;165m⠀[38;2;171;110;155m⠀[38;2;178;104;145m⠀[38;2;185;98;135m⠀[38;2;193;91;125m⠀[38;2;200;86;116m⠈[38;2;207;80;106m⡟[38;2;214;74;96m⢸[38;2;221;67;86m⠁[38;2;228;62;76m⣰[38;2;235;56;66m⡇[38;2;243;50;56m⣸[38;2;250;43;46m⠘[38;2;253;42;43m⢦[38;2;247;49;53m⠤[38;2;242;56;63m⢶[38;2;237;63;73m⡏[38;2;232;70;83m⢀[38;2;226;76;92m⡼[38;2;221;83;102m⡇[38;2;216;90;112m⢸[38;2;210;97;122m⠀[38;2;205;104;132m⠀[38;2;200;111;142m⠀[38;2;194;118;152m⢀[38;2;189;125;162m⡏[38;2;184;132;172m⠀[38;2;178;139;182m⠀[38;2;173;146;192m⠀[38;2;168;153;202m⠀[38;2;163;160;212m⡀[38;2;157;166;221m⣼[38;2;152;173;231m⣧[38;2;147;180;241m⠀[38;2;141;187;251m⡇[38;2;136;185;250m⠀[38;2;132;180;243m⠈[38;2;127;173;235m⣦[38;2;123;168;228m⡼[38;2;118;161;221m⠀[38;2;113;156;214m⣇[38;2;109;149;207m⢸[0m
[38;2;171;110;155m⠀[38;2;178;104;145m⠀[38;2;185;98;135m⠀[38;2;193;91;125m⠀[38;2;200;86;116m⠀[38;2;207;80;106m⠀[38;2;214;74;96m⡇[38;2;221;67;86m⠈[38;2;228;62;76m⣰[38;2;235;56;66m⠋[38;2;243;50;56m⡇[38;2;250;43;46m⡟[38;2;253;42;43m⠀[38;2;247;49;53m⠀[38;2;242;56;63m⢰[38;2;237;63;73m⣿[38;2;232;70;83m⣁[38;2;226;76;92m⡾[38;2;221;83;102m⠁[38;2;216;90;112m⢹[38;2;210;97;122m⣼[38;2;205;104;132m⣧[38;2;200;111;142m⡇[38;2;194;118;152m⠀[38;2;189;125;162m⡜[38;2;184;132;172m⠀[38;2;178;139;182m⠀[38;2;173;146;192m⣠[38;2;168;153;202m⠆[38;2;163;160;212m⣼[38;2;157;166;221m⣰[38;2;152;173;231m⢿[38;2;147;180;241m⣿[38;2;141;187;251m⢰[38;2;136;185;250m⠇[38;2;132;180;243m⠀[38;2;127;173;235m⣸[38;2;123;168;228m⠏[38;2;118;161;221m⣰[38;2;113;156;214m⢀[38;2;109;149;207m⣿[38;2;104;144;200m⣿[0m
[38;2;178;104;145m⠀[38;2;185;98;135m⠀[38;2;193;91;125m⠀[38;2;200;86;116m⠀[38;2;207;80;106m⠀[38;2;214;74;96m⠀[38;2;221;67;86m⢣[38;2;228;62;76m⣰[38;2;235;56;66m⣿[38;2;243;50;56m⡀[38;2;250;43;46m⢹[38;2;253;42;43m⣿[38;2;247;49;53m⠀[38;2;242;56;63m⠀[38;2;237;63;73m⣾[38;2;232;70;83m⣿[38;2;226;76;92m⣿[38;2;221;83;102m⣟[38;2;216;90;112m⣒[38;2;210;97;122m⣺[38;2;205;104;132m⣿[38;2;200;111;142m⢼[38;2;194;118;152m⣧[38;2;189;125;162m⣼[38;2;184;132;172m⠁[38;2;178;139;182m⣠[38;2;173;146;192m⣶[38;2;168;153;202m⠏[38;2;163;160;212m⣰[38;2;157;166;221m⣿[38;2;152;173;231m⣯[38;2;147;180;241m⣼[38;2;141;187;251m⣿[38;2;136;185;250m⣿[38;2;132;180;243m⠀[38;2;127;173;235m⣴[38;2;123;168;228m⣯[38;2;118;161;221m⣴[38;2;113;156;214m⡿[38;2;109;149;207m⣼[38;2;104;144;200m⠹[38;2;99;137;192m⡿[0m
[38;2;185;98;135m⠀[38;2;193;91;125m⠀[38;2;200;86;116m⠀[38;2;207;80;106m⠀[38;2;214;74;96m⠀[38;2;221;67;86m⠀[38;2;228;62;76m⠀[38;2;235;56;66m⢻[38;2;243;50;56m⣿[38;2;250;43;46m⣧[38;2;253;42;43m⢠[38;2;247;49;53m⣿[38;2;242;56;63m⡀[38;2;237;63;73m⣸[38;2;232;70;83m⡏[38;2;226;76;92m⠿[38;2;221;83;102m⢿[38;2;216;90;112m⣿[38;2;210;97;122m⣿[38;2;205;104;132m⠙[38;2;200;111;142m⠻[38;2;194;118;152m⠆[38;2;189;125;162m⣿[38;2;184;132;172m⣧[38;2;178;139;182m⣾[38;2;173;146;192m⣿[38;2;168;153;202m⣯[38;2;163;160;212m⣴[38;2;157;166;221m⣿[38;2;152;173;231m⣿[38;2;147;180;241m⡟[38;2;141;187;251m⠻[38;2;136;185;250m⣿[38;2;132;180;243m⣷[38;2;127;173;235m⣾[38;2;123;168;228m⣿[38;2;118;161;221m⣿[38;2;113;156;214m⢿[38;2;109;149;207m⣿[38;2;104;144;200m⠃[38;2;99;137;192m⢰[38;2;95;132;185m⠇[0m
[38;2;193;91;125m⠀[38;2;200;86;116m⠀[38;2;207;80;106m⠀[38;2;214;74;96m⠀[38;2;221;67;86m⠀[38;2;228;62;76m⠀[38;2;235;56;66m⠀[38;2;243;50;56m⠀[38;2;250;43;46m⠹[38;2;253;42;43m⣿[38;2;247;49;53m⣧[38;2;242;56;63m⡻[38;2;237;63;73m⣇[38;2;232;70;83m⣿[38;2;226;76;92m⣿[38;2;221;83;102m⣄[38;2;216;90;112m⠀[38;2;210;97;122m⠈[38;2;205;104;132m⠁[38;2;200;111;142m⠀[38;2;194;118;152m⠀[38;2;189;125;162m⣸[38;2;184;132;172m⡿[38;2;178;139;182m⢋[38;2;173;146;192m⠟[38;2;168;153;202m⣹[38;2;163;160;212m⡿[38;2;157;166;221m⠋[38;2;152;173;231m⠛[38;2;147;180;241m⠛[38;2;141;187;251m⠁[38;2;136;185;250m⢠[38;2;132;180;243m⣿[38;2;127;173;235m⣿[38;2;123;168;228m⣿[38;2;118;161;221m⣿[38;2;113;156;214m⡇[38;2;109;149;207m⣸[38;2;104;144;200m⠃[38;2;99;137;192m⠀[38;2;95;132;185m⠀[38;2;90;125;178m⠀[0m
[38;2;200;86;116m⠀[38;2;207;80;106m⠀[38;2;214;74;96m⠀[38;2;221;67;86m⠀[38;2;228;62;76m⠀[38;2;235;56;66m⠀[38;2;243;50;56m⠀[38;2;250;43;46m⠀[38;2;253;42;43m⠀[38;2;247;49;53m⠘[38;2;242;56;63m⢿[38;2;237;63;73m⣿[38;2;232;70;83m⣿[38;2;226;76;92m⣿[38;2;221;83;102m⣮[38;2;216;90;112m⡻[38;2;210;97;122m⣷[38;2;205;104;132m⢤[38;2;200;111;142m⣀[38;2;194;118;152m⠀[38;2;189;125;162m⠸[38;2;184;132;172m⠟[38;2;178;139;182m⠁[38;2;173;146;192m⠀[38;2;168;153;202m⠜[38;2;163;160;212m⠁[38;2;157;166;221m⠀[38;2;152;173;231m⠀[38;2;147;180;241m⠀[38;2;141;187;251m⣠[38;2;136;185;250m⣶[38;2;132;180;243m⣿[38;2;127;173;235m⣿[38;2;123;168;228m⣿[38;2;118;161;221m⣿[38;2;113;156;214m⣿[38;2;109;149;207m⡇[38;2;104;144;200m⠁[38;2;99;137;192m⠀[38;2;95;132;185m⠀[38;2;90;125;178m⠀[38;2;86;119;171m⠀[0m
[38;2;207;80;106m⠀[38;2;214;74;96m⠀[38;2;221;67;86m⠀[38;2;228;62;76m⠀[38;2;235;56;66m⠀[38;2;243;50;56m⠀[38;2;250;43;46m⠀[38;2;253;42;43m⠀[38;2;247;49;53m⠀[38;2;242;56;63m⠀[38;2;237;63;73m⢰[38;2;232;70;83m⣿[38;2;226;76;92m⣿[38;2;221;83;102m⠿[38;2;216;90;112m⠮[38;2;210;97;122m⢽[38;2;205;104;132m⣿[38;2;200;111;142m⣦[38;2;194;118;152m⡀[38;2;189;125;162m⠁[38;2;184;132;172m⠀[38;2;178;139;182m⠀[38;2;173;146;192m⠀[38;2;168;153;202m⠀[38;2;163;160;212m⣰[38;2;157;166;221m⠄[38;2;152;173;231m⠀[38;2;147;180;241m⠈[38;2;141;187;251m⢉[38;2;136;185;250m⣡[38;2;132;180;243m⣾[38;2;127;173;235m⣿[38;2;123;168;228m⣿[38;2;118;161;221m⣿[38;2;113;156;214m⣿[38;2;109;149;207m⣿[38;2;104;144;200m⠁[38;2;99;137;192m⠀[38;2;95;132;185m⠀[38;2;90;125;178m⠀[38;2;86;119;171m⠀[38;2;81;113;164m⠀[0m
[38;2;214;74;96m⠀[38;2;221;67;86m⠀[38;2;228;62;76m⠀[38;2;235;56;66m⠀[38;2;243;50;56m⠀[38;2;250;43;46m⠀[38;2;253;42;43m⠀[38;2;247;49;53m⠀[38;2;242;56;63m⠀[38;2;237;63;73m⢠[38;2;232;70;83m⠾[38;2;226;76;92m⠉[38;2;221;83;102m⠀[38;2;216;90;112m⠀[38;2;210;97;122m⠀[38;2;205;104;132m⠀[38;2;200;111;142m⠀[38;2;194;118;152m⠉[38;2;189;125;162m⢻[38;2;184;132;172m⡶[38;2;178;139;182m⠦[38;2;173;146;192m⠀[38;2;168;153;202m⠀[38;2;163;160;212m⠄[38;2;157;166;221m⠅[38;2;152;173;231m⠀[38;2;147;180;241m⠐[38;2;141;187;251m⠚[38;2;136;185;250m⣻[38;2;132;180;243m⣿[38;2;127;173;235m⣿[38;2;123;168;228m⣿[38;2;118;161;221m⣿[38;2;113;156;214m⣿[38;2;109;149;207m⢛[38;2;104;144;200m⡏[38;2;99;137;192m⠀[38;2;95;132;185m⠀[38;2;90;125;178m⠀[38;2;86;119;171m⠀[38;2;81;113;164m⠀[38;2;76;107;157m⠀[0m
[38;2;221;67;86m⠀[38;2;228;62;76m⠀[38;2;235;56;66m⠀[38;2;243;50;56m⠀[38;2;250;43;46m⠀[38;2;253;42;43m⠀[38;2;247;49;53m⠀[38;2;242;56;63m⢀[38;2;237;63;73m⡴[38;2;232;70;83m⠁[38;2;226;76;92m⠀[38;2;221;83;102m⠀[38;2;216;90;112m⠀[38;2;210;97;122m⠀[38;2;205;104;132m⠀[38;2;200;111;142m⠀[38;2;194;118;152m⠀[38;2;189;125;162m⠀[38;2;184;132;172m⠀[38;2;178;139;182m⣿[38;2;173;146;192m⡒[38;2;168;153;202m⠀[38;2;163;160;212m⠀[38;2;157;166;221m⠀[38;2;152;173;231m⢀[38;2;147;180;241m⣠[38;2;141;187;251m⣶[38;2;136;185;250m⣿[38;2;132;180;243m⣿[38;2;127;173;235m⣿[38;2;123;168;228m⡿[38;2;118;161;221m⠋[38;2;113;156;214m⣿[38;2;109;149;207m⠋[38;2;104;144;200m⠘[38;2;99;137;192m⠀[38;2;95;132;185m⠀[38;2;90;125;178m⠀[38;2;86;119;171m⠀[38;2;81;113;164m⠀[38;2;76;107;157m⠀[38;2;72;101;150m⠀[0m
[38;2;228;62;76m⠀[38;2;235;56;66m⠀[38;2;243;50;56m⠀[38;2;250;43;46m⠀[38;2;253;42;43m⠀[38;2;247;49;53m⢀[38;2;242;56;63m⣠[38;2;237;63;73m⠎[38;2;232;70;83m⠀[38;2;226;76;92m⠀[38;2;221;83;102m⠀[38;2;216;90;112m⠀[38;2;210;97;122m⠀[38;2;205;104;132m⠀[38;2;200;111;142m⠀[38;2;194;118;152m⠀[38;2;189;125;162m⠀[38;2;184;132;172m⠀[38;2;178;139;182m⠀[38;2;173;146;192m⢸[38;2;168;153;202m⣿[38;2;163;160;212m⣦[38;2;157;166;221m⡤[38;2;152;173;231m⠖[38;2;147;180;241m⠉[38;2;141;187;251m⠉[38;2;136;185;250m⠟[38;2;132;180;243m⣹[38;2;127;173;235m⠟[38;2;123;168;228m⠋[38;2;118;161;221m⠀[38;2;113;156;214m⠀[38;2;109;149;207m⠁[38;2;104;144;200m⠀[38;2;99;137;192m⠀[38;2;95;132;185m⠀[38;2;90;125;178m⠀[38;2;86;119;171m⠀[38;2;81;113;164m⠀[38;2;76;107;157m⠀[38;2;72;101;150m⠀[38;2;67;95;142m⠀[0m
[38;2;235;56;66m⠀[38;2;243;50;56m⠀[38;2;250;43;46m⢀[38;2;253;42;43m⠴[38;2;247;49;53m⠊[38;2;242;56;63m⣹[38;2;237;63;73m⡟[38;2;232;70;83m⠀[38;2;226;76;92m⠀[38;2;221;83;102m⣰[38;2;216;90;112m⢾[38;2;210;97;122m⣿[38;2;205;104;132m⣷[38;2;200;111;142m⣆[38;2;194;118;152m⠀[38;2;189;125;162m⠀[38;2;184;132;172m⠀[38;2;178;139;182m⠀[38;2;173;146;192m⠀[38;2;168;153;202m⢀[38;2;163;160;212m⡿[38;2;157;166;221m⠛[38;2;152;173;231m⠃[38;2;147;180;241m⠀[38;2;141;187;251m⠀[38;2;136;185;250m⠀[38;2;132;180;243m⠀[38;2;127;173;235m⠁[38;2;123;168;228m⠀[38;2;118;161;221m⠀[38;2;113;156;214m⠀[38;2;109;149;207m⠀[38;2;104;144;200m⠀[38;2;99;137;192m⠀[38;2;95;132;185m⠀[38;2;90;125;178m⠀[38;2;86;119;171m⠀[38;2;81;113;164m⠀[38;2;76;107;157m⠀[38;2;72;101;150m⠀[38;2;67;95;142m⠀[38;2;63;89;135m⠀[0m
[38;2;243;50;56m⠀[38;2;250;43;46m⢠[38;2;253;42;43m⠎[38;2;247;49;53m⠀[38;2;242;56;63m⣰[38;2;237;63;73m⣿[38;2;232;70;83m⡇[38;2;226;76;92m⠀[38;2;221;83;102m⡷[38;2;216;90;112m⣿[38;2;210;97;122m⠿[38;2;205;104;132m⠿[38;2;200;111;142m⣟[38;2;194;118;152m⣿[38;2;189;125;162m⠀[38;2;184;132;172m⠀[38;2;178;139;182m⠀[38;2;173;146;192m⠀[38;2;168;153;202m⠀[38;2;163;160;212m⣼[38;2;157;166;221m⡁[38;2;152;173;231m⠀[38;2;147;180;241m⠀[38;2;141;187;251m⠀[38;2;136;185;250m⠀[38;2;132;180;243m⠀[38;2;127;173;235m⠀[38;2;123;168;228m⠀[38;2;118;161;221m⠀[38;2;113;156;214m⠀[38;2;109;149;207m⠀[38;2;104;144;200m⠀[38;2;99;137;192m⠀[38;2;95;132;185m⠀[38;2;90;125;178m⠀[38;2;86;119;171m⠀[38;2;81;113;164m⠀[38;2;76;107;157m⠀[38;2;72;101;150m⠀[38;2;67;95;142m⠀[38;2;63;89;135m⠀[38;2;58;83;128m⠀[0m
[38;2;250;43;46m⠀[38;2;253;42;43m⠀[38;2;247;49;53m⠀[38;2;242;56;63m⣠[38;2;237;63;73m⣿[38;2;232;70;83m⣿[38;2;226;76;92m⡇[38;2;221;83;102m⠀[38;2;216;90;112m⢿[38;2;210;97;122m⣮[38;2;205;104;132m⣗[38;2;200;111;142m⠒[38;2;194;118;152m⠛[38;2;189;125;162m⠁[38;2;184;132;172m⠀[38;2;178;139;182m⠀[38;2;173;146;192m⠀[38;2;168;153;202m⠀[38;2;163;160;212m⠸[38;2;157;166;221m⣿[38;2;152;173;231m⣿[38;2;147;180;241m⣦[38;2;141;187;251m⣀[38;2;136;185;250m⠀[38;2;132;180;243m⠀[38;2;127;173;235m⠀[38;2;123;168;228m⠀[38;2;118;161;221m⠀[38;2;113;156;214m⠀[38;2;109;149;207m⠀[38;2;104;144;200m⠀[38;2;99;137;192m⠀[38;2;95;132;185m⠀[38;2;90;125;178m⠀[38;2;86;119;171m⠀[38;2;81;113;164m⠀[38;2;76;107;157m⠀[38;2;72;101;150m⠀[38;2;67;95;142m⠀[38;2;63;89;135m⠀[38;2;58;83;128m⠀[38;2;53;77;121m⠀[0m
[38;2;253;42;43m⠘[38;2;247;49;53m⠛[38;2;242;56;63m⠛[38;2;237;63;73m⣿[38;2;232;70;83m⣿[38;2;226;76;92m⣿[38;2;221;83;102m⡇[38;2;216;90;112m⠀[38;2;210;97;122m⠈[38;2;205;104;132m⠣[38;2;200;111;142m⠀[38;2;194;118;152m⠀[38;2;189;125;162m⠀[38;2;184;132;172m⠀[38;2;178;139;182m⠀[38;2;173;146;192m⠀[38;2;168;153;202m⢀[38;2;163;160;212m⣄[38;2;157;166;221m⣴[38;2;152;173;231m⢿[38;2;147;180;241m⣿[38;2;141;187;251m⣿[38;2;136;185;250m⡌[38;2;132;180;243m⠑[38;2;127;173;235m⠢[38;2;123;168;228m⢄[38;2;118;161;221m⠀[38;2;113;156;214m⠀[38;2;109;149;207m⠀[38;2;104;144;200m⠀[38;2;99;137;192m⠀[38;2;95;132;185m⠀[38;2;90;125;178m⠀[38;2;86;119;171m⠀[38;2;81;113;164m⠀[38;2;76;107;157m⠀[38;2;72;101;150m⠀[38;2;67;95;142m⠀[38;2;63;89;135m⠀[38;2;58;83;128m⠀[38;2;53;77;121m⠀[38;2;49;71;114m⠀[0m
[38;2;247;49;53m⢸[38;2;242;56;63m⡆[38;2;237;63;73m⢸[38;2;232;70;83m⣿[38;2;226;76;92m⣿[38;2;221;83;102m⣿[38;2;216;90;112m⡇[38;2;210;97;122m⠀[38;2;205;104;132m⠀[38;2;200;111;142m⠀[38;2;194;118;152m⠀[38;2;189;125;162m⠀[38;2;184;132;172m⠀[38;2;178;139;182m⠀[38;2;173;146;192m⠀[38;2;168;153;202m⠀[38;2;163;160;212m⣾[38;2;157;166;221m⣿[38;2;152;173;231m⡏[38;2;147;180;241m⠀[38;2;141;187;251m⠻[38;2;136;185;250m⣿[38;2;132;180;243m⣷[38;2;127;173;235m⣄[38;2;123;168;228m⠀[38;2;118;161;221m⠀[38;2;113;156;214m⠀[38;2;109;149;207m⠀[38;2;104;144;200m⠀[38;2;99;137;192m⠀[38;2;95;132;185m⠀[38;2;90;125;178m⠀[38;2;86;119;171m⠀[38;2;81;113;164m⠀[38;2;76;107;157m⠀[38;2;72;101;150m⠀[38;2;67;95;142m⠀[38;2;63;89;135m⠀[38;2;58;83;128m⠀[38;2;53;77;121m⠀[38;2;49;71;114m⠀[38;2;44;65;107m⠀[0m
