[38;2;100;170;255m⠀[38;2;100;170;255m⠀[38;2;105;165;247m⠀[38;2;110;161;240m⠀[38;2;115;156;233m⠀[38;2;120;152;226m⠀[38;2;126;148;218m⠀[38;2;131;143;211m⠀[38;2;136;139;204m⠀[38;2;141;134;197m⠀[38;2;147;130;189m⠀[38;2;152;126;182m⠀[38;2;157;121;175m⠀[38;2;162;117;168m⠀[38;2;167;113;160m⠀[38;2;173;108;153m⠀[38;2;178;104;146m⠀[38;2;183;99;139m⠀[38;2;188;95;131m⠀[38;2;194;91;124m⠀[38;2;199;86;117m⠀[38;2;204;82;110m⠀[38;2;209;77;102m⠀[38;2;214;73;95m⠀[38;2;220;69;88m⠀[38;2;225;64;81m⠀[38;2;230;60;73m⠀[38;2;235;56;66m⢀[38;2;241;51;59m⣀[38;2;246;47;52m⣀[38;2;251;42;44m⣤[38;2;253;41;42m⣤[38;2;249;46;49m⣤[38;2;245;51;56m⣄[38;2;242;56;64m⣀[38;2;238;61;71m⠀[38;2;234;66;78m⠀[38;2;230;72;85m⠀[38;2;226;77;93m⠀[38;2;222;82;100m⠀[38;2;218;87;107m⠀[38;2;214;92;114m⠀[38;2;211;97;122m⠀[38;2;207;102;129m⠀[38;2;203;107;136m⠀[38;2;199;112;143m⠀[38;2;195;117;151m⠀[38;2;191;122;158m⠀[38;2;187;127;165m⠀[38;2;183;132;172m⠀[38;2;180;137;180m⠀[38;2;176;142;187m⠀[38;2;172;147;194m⠀[38;2;168;152;201m⠀[38;2;164;157;209m⠀[38;2;160;163;216m⠀[38;2;156;168;223m⠀[38;2;152;173;230m⠀[38;2;149;178;238m⠀[38;2;145;183;245m⠀[0m
[38;2;100;170;255m⠀[38;2;105;165;247m⠀[38;2;110;161;240m⠀[38;2;115;156;233m⠀[38;2;120;152;226m⠀[38;2;126;148;218m⠀[38;2;131;143;211m⠀[38;2;136;139;204m⠀[38;2;141;134;197m⠀[38;2;147;130;189m⠀[38;2;152;126;182m⠀[38;2;157;121;175m⠀[38;2;162;117;168m⠀[38;2;167;113;160m⠀[38;2;173;108;153m⠀[38;2;178;104;146m⠀[38;2;183;99;139m⠀[38;2;188;95;131m⠀[38;2;194;91;124m⠀[38;2;199;86;117m⠀[38;2;204;82;110m⠀[38;2;209;77;102m⠀[38;2;214;73;95m⢀[38;2;220;69;88m⣠[38;2;225;64;81m⣤[38;2;230;60;73m⣴[38;2;235;56;66m⣿[38;2;241;51;59m⣿[38;2;246;47;52m⣿[38;2;251;42;44m⡿[38;2;253;41;42m⢿[38;2;249;46;49m⣿[38;2;245;51;56m⣿[38;2;242;56;64m⣿[38;2;238;61;71m⣭[38;2;234;66;78m⣵[38;2;230;72;85m⣦[38;2;226;77;93m⣤[38;2;222;82;100m⣀[38;2;218;87;107m⠀[38;2;214;92;114m⠀[38;2;211;97;122m⠀[38;2;207;102;129m⠀[38;2;203;107;136m⠀[38;2;199;112;143m⠀[38;2;195;117;151m⠀[38;2;191;122;158m⠀[38;2;187;127;165m⠀[38;2;183;132;172m⠀[38;2;180;137;180m⠀[38;2;176;142;187m⠀[38;2;172;147;194m⠀[38;2;168;152;201m⠀[38;2;164;157;209m⠀[38;2;160;163;216m⠀[38;2;156;168;223m⠀[38;2;152;173;230m⠀[38;2;149;178;238m⠀[38;2;145;183;245m⠀[38;2;141;188;252m⠀[0m
[38;2;105;165;247m⠀[38;2;110;161;240m⠀[38;2;115;156;233m⠀[38;2;120;152;226m⠀[38;2;126;148;218m⠀[38;2;131;143;211m⠀[38;2;136;139;204m⠀[38;2;141;134;197m⠀[38;2;147;130;189m⠀[38;2;152;126;182m⠀[38;2;157;121;175m⠀[38;2;162;117;168m⠀[38;2;167;113;160m⠀[38;2;173;108;153m⠀[38;2;178;104;146m⠀[38;2;183;99;139m⠀[38;2;188;95;131m⠀[38;2;194;91;124m⠀[38;2;199;86;117m⠀[38;2;204;82;110m⠀[38;2;209;77;102m⠀[38;2;214;73;95m⠀[38;2;220;69;88m⣸[38;2;225;64;81m⡿[38;2;230;60;73m⣿[38;2;235;56;66m⣿[38;2;241;51;59m⣿[38;2;246;47;52m⡿[38;2;251;42;44m⡛[38;2;253;41;42m⢻[38;2;249;46;49m⣿[38;2;245;51;56m⠫[38;2;242;56;64m⢿[38;2;238;61;71m⢿[38;2;234;66;78m⣿[38;2;230;72;85m⣿[38;2;226;77;93m⣿[38;2;222;82;100m⣿[38;2;218;87;107m⣿[38;2;214;92;114m⣷[38;2;211;97;122m⡀[38;2;207;102;129m⠀[38;2;203;107;136m⠀[38;2;199;112;143m⠀[38;2;195;117;151m⠀[38;2;191;122;158m⠀[38;2;187;127;165m⠀[38;2;183;132;172m⠀[38;2;180;137;180m⠀[38;2;176;142;187m⠀[38;2;172;147;194m⠀[38;2;168;152;201m⠀[38;2;164;157;209m⠀[38;2;160;163;216m⠀[38;2;156;168;223m⠀[38;2;152;173;230m⠀[38;2;149;178;238m⠀[38;2;145;183;245m⠀[38;2;141;188;252m⠀[38;2;137;187;251m⠀[0m
[38;2;110;161;240m⠀[38;2;115;156;233m⠀[38;2;120;152;226m⠀[38;2;126;148;218m⠀[38;2;131;143;211m⠀[38;2;136;139;204m⠀[38;2;141;134;197m⠀[38;2;147;130;189m⠀[38;2;152;126;182m⠀[38;2;157;121;175m⠀[38;2;162;117;168m⠀[38;2;167;113;160m⠀[38;2;173;108;153m⠀[38;2;178;104;146m⠀[38;2;183;99;139m⠀[38;2;188;95;131m⠀[38;2;194;91;124m⠀[38;2;199;86;117m⠀[38;2;204;82;110m⠀[38;2;209;77;102m⠀[38;2;214;73;95m⢀[38;2;220;69;88m⣤[38;2;225;64;81m⢿[38;2;230;60;73m⡇[38;2;235;56;66m⣷[38;2;241;51;59m⣻[38;2;246;47;52m⣽[38;2;251;42;44m⣿[38;2;253;41;42m⣿[38;2;249;46;49m⣦[38;2;245;51;56m⡋[38;2;242;56;64m⣿[38;2;238;61;71m⡟[38;2;234;66;78m⢿[38;2;230;72;85m⣻[38;2;226;77;93m⣿[38;2;222;82;100m⣷[38;2;218;87;107m⣹[38;2;214;92;114m⣿[38;2;211;97;122m⢿[38;2;207;102;129m⣧[38;2;203;107;136m⠀[38;2;199;112;143m⠀[38;2;195;117;151m⠀[38;2;191;122;158m⠀[38;2;187;127;165m⠀[38;2;183;132;172m⠀[38;2;180;137;180m⠀[38;2;176;142;187m⠀[38;2;172;147;194m⠀[38;2;168;152;201m⠀[38;2;164;157;209m⠀[38;2;160;163;216m⠀[38;2;156;168;223m⠀[38;2;152;173;230m⠀[38;2;149;178;238m⠀[38;2;145;183;245m⠀[38;2;141;188;252m⠀[38;2;137;187;251m⠀[38;2;134;182;246m⠀[0m
[38;2;115;156;233m⠀[38;2;120;152;226m⠀[38;2;126;148;218m⠀[38;2;131;143;211m⠀[38;2;136;139;204m⠀[38;2;141;134;197m⠀[38;2;147;130;189m⠀[38;2;152;126;182m⠀[38;2;157;121;175m⠀[38;2;162;117;168m⠀[38;2;167;113;160m⠀[38;2;173;108;153m⠀[38;2;178;104;146m⠀[38;2;183;99;139m⠀[38;2;188;95;131m⠀[38;2;194;91;124m⠀[38;2;199;86;117m⠀[38;2;204;82;110m⠀[38;2;209;77;102m⠀[38;2;214;73;95m⠀[38;2;220;69;88m⡰[38;2;225;64;81m⣿[38;2;230;60;73m⣞[38;2;235;56;66m⣿[38;2;241;51;59m⠇[38;2;246;47;52m⣵[38;2;251;42;44m⣛[38;2;253;41;42m⢮[38;2;249;46;49m⢮[38;2;245;51;56m⢟[38;2;242;56;64m⡯[38;2;238;61;71m⣷[38;2;234;66;78m⢖[38;2;230;72;85m⢽[38;2;226;77;93m⢿[38;2;222;82;100m⣿[38;2;218;87;107m⣾[38;2;214;92;114m⠗[38;2;211;97;122m⢿[38;2;207;102;129m⣜[38;2;203;107;136m⣿[38;2;199;112;143m⡆[38;2;195;117;151m⠀[38;2;191;122;158m⠀[38;2;187;127;165m⠀[38;2;183;132;172m⠀[38;2;180;137;180m⠀[38;2;176;142;187m⠀[38;2;172;147;194m⠀[38;2;168;152;201m⠀[38;2;164;157;209m⠀[38;2;160;163;216m⠀[38;2;156;168;223m⠀[38;2;152;173;230m⠀[38;2;149;178;238m⠀[38;2;145;183;245m⠀[38;2;141;188;252m⠀[38;2;137;187;251m⠀[38;2;134;182;246m⠀[38;2;131;178;241m⠀[0m
[38;2;120;152;226m⠀[38;2;126;148;218m⠀[38;2;131;143;211m⠀[38;2;136;139;204m⠀[38;2;141;134;197m⠀[38;2;147;130;189m⠀[38;2;152;126;182m⠀[38;2;157;121;175m⠀[38;2;162;117;168m⠀[38;2;167;113;160m⠀[38;2;173;108;153m⠀[38;2;178;104;146m⠀[38;2;183;99;139m⠀[38;2;188;95;131m⠀[38;2;194;91;124m⠀[38;2;199;86;117m⠀[38;2;204;82;110m⠀[38;2;209;77;102m⠀[38;2;214;73;95m⠀[38;2;220;69;88m⢠[38;2;225;64;81m⣿[38;2;230;60;73m⡜[38;2;235;56;66m⣿[38;2;241;51;59m⡏[38;2;246;47;52m⠷[38;2;251;42;44m⣃[38;2;253;41;42m⠻[38;2;249;46;49m⠬[38;2;245;51;56m⢧[38;2;242;56;64m⣵[38;2;238;61;71m⡑[38;2;234;66;78m⡟[38;2;230;72;85m⣷[38;2;226;77;93m⢍[38;2;222;82;100m⢿[38;2;218;87;107m⣻[38;2;214;92;114m⣿[38;2;211;97;122m⣿[38;2;207;102;129m⡟[38;2;203;107;136m⣿[38;2;199;112;143m⣾[38;2;195;117;151m⡇[38;2;191;122;158m⠀[38;2;187;127;165m⠀[38;2;183;132;172m⠀[38;2;180;137;180m⠀[38;2;176;142;187m⠀[38;2;172;147;194m⠀[38;2;168;152;201m⠀[38;2;164;157;209m⠀[38;2;160;163;216m⠀[38;2;156;168;223m⠀[38;2;152;173;230m⠀[38;2;149;178;238m⠀[38;2;145;183;245m⠀[38;2;141;188;252m⠀[38;2;137;187;251m⠀[38;2;134;182;246m⠀[38;2;131;178;241m⠀[38;2;127;173;235m⠀[0m
[38;2;126;148;218m⠀[38;2;131;143;211m⠀[38;2;136;139;204m⠀[38;2;141;134;197m⠀[38;2;147;130;189m⠀[38;2;152;126;182m⠀[38;2;157;121;175m⠀[38;2;162;117;168m⠀[38;2;167;113;160m⠀[38;2;173;108;153m⠀[38;2;178;104;146m⠀[38;2;183;99;139m⠀[38;2;188;95;131m⠀[38;2;194;91;124m⠀[38;2;199;86;117m⠀[38;2;204;82;110m⠀[38;2;209;77;102m⠀[38;2;214;73;95m⠀[38;2;220;69;88m⠀[38;2;225;64;81m⠘[38;2;230;60;73m⡟[38;2;235;56;66m⣟[38;2;241;51;59m⡪[38;2;246;47;52m⢿[38;2;251;42;44m⣯[38;2;253;41;42m⢤[38;2;249;46;49m⣾[38;2;245;51;56m⣤[38;2;242;56;64m⡿[38;2;238;61;71m⣐[38;2;234;66;78m⢟[38;2;230;72;85m⢎[38;2;226;77;93m⣺[38;2;222;82;100m⡻[38;2;218;87;107m⣾[38;2;214;92;114m⡩[38;2;211;97;122m⢿[38;2;207;102;129m⡇[38;2;203;107;136m⣿[38;2;199;112;143m⣻[38;2;195;117;151m⢛[38;2;191;122;158m⠃[38;2;187;127;165m⠀[38;2;183;132;172m⠀[38;2;180;137;180m⠀[38;2;176;142;187m⠀[38;2;172;147;194m⠀[38;2;168;152;201m⠀[38;2;164;157;209m⠀[38;2;160;163;216m⠀[38;2;156;168;223m⠀[38;2;152;173;230m⠀[38;2;149;178;238m⠀[38;2;145;183;245m⠀[38;2;141;188;252m⠀[38;2;137;187;251m⠀[38;2;134;182;246m⠀[38;2;131;178;241m⠀[38;2;127;173;235m⠀[38;2;124;169;230m⠀[0m
[38;2;131;143;211m⠀[38;2;136;139;204m⠀[38;2;141;134;197m⠀[38;2;147;130;189m⠀[38;2;152;126;182m⠀[38;2;157;121;175m⠀[38;2;162;117;168m⠀[38;2;167;113;160m⠀[38;2;173;108;153m⠀[38;2;178;104;146m⠀[38;2;183;99;139m⠀[38;2;188;95;131m⠀[38;2;194;91;124m⠀[38;2;199;86;117m⠀[38;2;204;82;110m⠀[38;2;209;77;102m⠀[38;2;214;73;95m⠀[38;2;220;69;88m⠀[38;2;225;64;81m⠀[38;2;230;60;73m⠀[38;2;235;56;66m⠉[38;2;241;51;59m⠈[38;2;246;47;52m⠊[38;2;251;42;44m⢠[38;2;253;41;42m⢛[38;2;249;46;49m⡞[38;2;245;51;56m⣿[38;2;242;56;64m⣿[38;2;238;61;71m⣃[38;2;234;66;78m⣱[38;2;230;72;85m⣻[38;2;226;77;93m⢟[38;2;222;82;100m⣴[38;2;218;87;107m⠿[38;2;214;92;114m⡥[38;2;211;97;122m⡾[38;2;207;102;129m⣭[38;2;203;107;136m⢡[38;2;199;112;143m⣿[38;2;195;117;151m⣿[38;2;191;122;158m⠈[38;2;187;127;165m⠀[38;2;183;132;172m⠀[38;2;180;137;180m⠀[38;2;176;142;187m⠀[38;2;172;147;194m⠀[38;2;168;152;201m⠀[38;2;164;157;209m⠀[38;2;160;163;216m⠀[38;2;156;168;223m⠀[38;2;152;173;230m⠀[38;2;149;178;238m⠀[38;2;145;183;245m⠀[38;2;141;188;252m⠀[38;2;137;187;251m⠀[38;2;134;182;246m⠀[38;2;131;178;241m⠀[38;2;127;173;235m⠀[38;2;124;169;230m⠀[38;2;120;165;225m⠀[0m
[38;2;136;139;204m⠀[38;2;141;134;197m⠀[38;2;147;130;189m⠀[38;2;152;126;182m⠀[38;2;157;121;175m⠀[38;2;162;117;168m⠀[38;2;167;113;160m⠀[38;2;173;108;153m⠀[38;2;178;104;146m⠀[38;2;183;99;139m⠀[38;2;188;95;131m⠀[38;2;194;91;124m⠀[38;2;199;86;117m⠀[38;2;204;82;110m⠀[38;2;209;77;102m⠀[38;2;214;73;95m⠀[38;2;220;69;88m⠀[38;2;225;64;81m⠀[38;2;230;60;73m⠀[38;2;235;56;66m⠀[38;2;241;51;59m⠀[38;2;246;47;52m⠀[38;2;251;42;44m⠀[38;2;253;41;42m⢎[38;2;249;46;49m⡿[38;2;245;51;56m⣿[38;2;242;56;64m⣿[38;2;238;61;71m⣿[38;2;234;66;78m⣫[38;2;230;72;85m⣟[38;2;226;77;93m⢁[38;2;222;82;100m⣖[38;2;218;87;107m⠽[38;2;214;92;114m⡾[38;2;211;97;122m⣺[38;2;207;102;129m⢣[38;2;203;107;136m⣏[38;2;199;112;143m⣟[38;2;195;117;151m⣿[38;2;191;122;158m⠋[38;2;187;127;165m⠀[38;2;183;132;172m⠀[38;2;180;137;180m⠀[38;2;176;142;187m⠀[38;2;172;147;194m⠀[38;2;168;152;201m⠀[38;2;164;157;209m⠀[38;2;160;163;216m⠀[38;2;156;168;223m⠀[38;2;152;173;230m⠀[38;2;149;178;238m⠀[38;2;145;183;245m⠀[38;2;141;188;252m⠀[38;2;137;187;251m⠀[38;2;134;182;246m⠀[38;2;131;178;241m⠀[38;2;127;173;235m⠀[38;2;124;169;230m⠀[38;2;120;165;225m⠀[38;2;117;160;220m⠀[0m
[38;2;141;134;197m⠀[38;2;147;130;189m⠀[38;2;152;126;182m⠀[38;2;157;121;175m⠀[38;2;162;117;168m⠀[38;2;167;113;160m⠀[38;2;173;108;153m⠀[38;2;178;104;146m⠀[38;2;183;99;139m⠀[38;2;188;95;131m⠀[38;2;194;91;124m⠀[38;2;199;86;117m⠀[38;2;204;82;110m⠀[38;2;209;77;102m⠀[38;2;214;73;95m⠀[38;2;220;69;88m⠀[38;2;225;64;81m⠀[38;2;230;60;73m⠀[38;2;235;56;66m⠀[38;2;241;51;59m⠀[38;2;246;47;52m⠀[38;2;251;42;44m⠀[38;2;253;41;42m⢸[38;2;249;46;49m⠈[38;2;245;51;56m⢣[38;2;242;56;64m⢛[38;2;238;61;71m⣖[38;2;234;66;78m⣯[38;2;230;72;85m⣾[38;2;226;77;93m⣫[38;2;222;82;100m⣿[38;2;218;87;107m⣗[38;2;214;92;114m⣨[38;2;211;97;122m⣠[38;2;207;102;129m⢃[38;2;203;107;136m⠩[38;2;199;112;143m⠐[38;2;195;117;151m⠜[38;2;191;122;158m⠁[38;2;187;127;165m⠀[38;2;183;132;172m⠀[38;2;180;137;180m⠀[38;2;176;142;187m⠀[38;2;172;147;194m⠀[38;2;168;152;201m⠀[38;2;164;157;209m⠀[38;2;160;163;216m⠀[38;2;156;168;223m⠀[38;2;152;173;230m⠀[38;2;149;178;238m⠀[38;2;145;183;245m⠀[38;2;141;188;252m⠀[38;2;137;187;251m⠀[38;2;134;182;246m⠀[38;2;131;178;241m⠀[38;2;127;173;235m⠀[38;2;124;169;230m⠀[38;2;120;165;225m⠀[38;2;117;160;220m⠀[38;2;114;156;214m⠀[0m
[38;2;147;130;189m⠀[38;2;152;126;182m⠀[38;2;157;121;175m⠀[38;2;162;117;168m⠀[38;2;167;113;160m⠀[38;2;173;108;153m⠀[38;2;178;104;146m⠀[38;2;183;99;139m⠀[38;2;188;95;131m⠀[38;2;194;91;124m⠀[38;2;199;86;117m⠀[38;2;204;82;110m⠀[38;2;209;77;102m⠀[38;2;214;73;95m⠀[38;2;220;69;88m⠀[38;2;225;64;81m⠀[38;2;230;60;73m⠀[38;2;235;56;66m⠀[38;2;241;51;59m⠀[38;2;246;47;52m⠀[38;2;251;42;44m⠀[38;2;253;41;42m⠀[38;2;249;46;49m⠀[38;2;245;51;56m⠀[38;2;242;56;64m⠀[38;2;238;61;71m⠉[38;2;234;66;78m⢑[38;2;230;72;85m⢽[38;2;226;77;93m⡋[38;2;222;82;100m⠿[38;2;218;87;107m⠐[38;2;214;92;114m⠛[38;2;211;97;122m⠃[38;2;207;102;129m⠉[38;2;203;107;136m⠀[38;2;199;112;143m⠙[38;2;195;117;151m⠃[38;2;191;122;158m⠀[38;2;187;127;165m⠀[38;2;183;132;172m⠀[38;2;180;137;180m⠀[38;2;176;142;187m⠀[38;2;172;147;194m⠀[38;2;168;152;201m⠀[38;2;164;157;209m⠀[38;2;160;163;216m⠀[38;2;156;168;223m⠀[38;2;152;173;230m⠀[38;2;149;178;238m⠀[38;2;145;183;245m⠀[38;2;141;188;252m⠀[38;2;137;187;251m⠀[38;2;134;182;246m⠀[38;2;131;178;241m⠀[38;2;127;173;235m⠀[38;2;124;169;230m⠀[38;2;120;165;225m⠀[38;2;117;160;220m⠀[38;2;114;156;214m⠀[38;2;110;152;209m⠀[0m
[38;2;152;126;182m⠀[38;2;157;121;175m⠀[38;2;162;117;168m⠀[38;2;167;113;160m⠀[38;2;173;108;153m⠀[38;2;178;104;146m⠀[38;2;183;99;139m⠀[38;2;188;95;131m⠀[38;2;194;91;124m⠀[38;2;199;86;117m⠀[38;2;204;82;110m⠀[38;2;209;77;102m⠀[38;2;214;73;95m⠀[38;2;220;69;88m⠀[38;2;225;64;81m⠀[38;2;230;60;73m⠀[38;2;235;56;66m⠀[38;2;241;51;59m⠀[38;2;246;47;52m⠀[38;2;251;42;44m⠀[38;2;253;41;42m⠀[38;2;249;46;49m⠀[38;2;245;51;56m⠀[38;2;242;56;64m⢠[38;2;238;61;71m⣴[38;2;234;66;78m⣾[38;2;230;72;85m⣿[38;2;226;77;93m⣿[38;2;222;82;100m⣷[38;2;218;87;107m⣶[38;2;214;92;114m⣤[38;2;211;97;122m⢲[38;2;207;102;129m⣶[38;2;203;107;136m⣿[38;2;199;112;143m⣶[38;2;195;117;151m⣶[38;2;191;122;158m⣶[38;2;187;127;165m⠀[38;2;183;132;172m⠀[38;2;180;137;180m⠀[38;2;176;142;187m⠀[38;2;172;147;194m⠀[38;2;168;152;201m⠀[38;2;164;157;209m⠀[38;2;160;163;216m⠀[38;2;156;168;223m⠀[38;2;152;173;230m⠀[38;2;149;178;238m⠀[38;2;145;183;245m⠀[38;2;141;188;252m⠀[38;2;137;187;251m⠀[38;2;134;182;246m⠀[38;2;131;178;241m⠀[38;2;127;173;235m⠀[38;2;124;169;230m⠀[38;2;120;165;225m⠀[38;2;117;160;220m⠀[38;2;114;156;214m⠀[38;2;110;152;209m⠀[38;2;107;147;204m⠀[0m
[38;2;157;121;175m⠀[38;2;162;117;168m⠀[38;2;167;113;160m⠀[38;2;173;108;153m⠀[38;2;178;104;146m⠀[38;2;183;99;139m⠀[38;2;188;95;131m⠀[38;2;194;91;124m⠀[38;2;199;86;117m⠀[38;2;204;82;110m⠀[38;2;209;77;102m⠀[38;2;214;73;95m⠀[38;2;220;69;88m⠀[38;2;225;64;81m⠀[38;2;230;60;73m⠀[38;2;235;56;66m⠀[38;2;241;51;59m⠀[38;2;246;47;52m⠀[38;2;251;42;44m⠀[38;2;253;41;42m⠀[38;2;249;46;49m⠀[38;2;245;51;56m⠀[38;2;242;56;64m⠀[38;2;238;61;71m⣾[38;2;234;66;78m⣿[38;2;230;72;85m⣿[38;2;226;77;93m⠟[38;2;222;82;100m⢉[38;2;218;87;107m⢻[38;2;214;92;114m⣿[38;2;211;97;122m⣿[38;2;207;102;129m⣯[38;2;203;107;136m⢻[38;2;199;112;143m⣻[38;2;195;117;151m⣿[38;2;191;122;158m⣿[38;2;187;127;165m⣿[38;2;183;132;172m⡆[38;2;180;137;180m⠀[38;2;176;142;187m⠀[38;2;172;147;194m⠀[38;2;168;152;201m⠀[38;2;164;157;209m⠀[38;2;160;163;216m⠀[38;2;156;168;223m⠀[38;2;152;173;230m⠀[38;2;149;178;238m⠀[38;2;145;183;245m⠀[38;2;141;188;252m⠀[38;2;137;187;251m⠀[38;2;134;182;246m⠀[38;2;131;178;241m⠀[38;2;127;173;235m⠀[38;2;124;169;230m⠀[38;2;120;165;225m⠀[38;2;117;160;220m⠀[38;2;114;156;214m⠀[38;2;110;152;209m⠀[38;2;107;147;204m⠀[38;2;104;143;199m⠀[0m
[38;2;162;117;168m⠀[38;2;167;113;160m⠀[38;2;173;108;153m⠀[38;2;178;104;146m⠀[38;2;183;99;139m⠀[38;2;188;95;131m⠀[38;2;194;91;124m⠀[38;2;199;86;117m⠀[38;2;204;82;110m⠀[38;2;209;77;102m⠀[38;2;214;73;95m⠀[38;2;220;69;88m⠀[38;2;225;64;81m⠀[38;2;230;60;73m⠀[38;2;235;56;66m⠀[38;2;241;51;59m⠀[38;2;246;47;52m⠀[38;2;251;42;44m⠀[38;2;253;41;42m⠀[38;2;249;46;49m⠀[38;2;245;51;56m⠀[38;2;242;56;64m⠀[38;2;238;61;71m⣼[38;2;234;66;78m⣿[38;2;230;72;85m⣿[38;2;226;77;93m⣿[38;2;222;82;100m⡧[38;2;218;87;107m⣂[38;2;214;92;114m⣼[38;2;211;97;122m⣿[38;2;207;102;129m⢩[38;2;203;107;136m⣷[38;2;199;112;143m⡾[38;2;195;117;151m⣏[38;2;191;122;158m⣿[38;2;187;127;165m⣿[38;2;183;132;172m⣿[38;2;180;137;180m⣿[38;2;176;142;187m⡆[38;2;172;147;194m⠀[38;2;168;152;201m⠀[38;2;164;157;209m⠀[38;2;160;163;216m⠀[38;2;156;168;223m⠀[38;2;152;173;230m⠀[38;2;149;178;238m⠀[38;2;145;183;245m⠀[38;2;141;188;252m⠀[38;2;137;187;251m⠀[38;2;134;182;246m⠀[38;2;131;178;241m⠀[38;2;127;173;235m⠀[38;2;124;169;230m⠀[38;2;120;165;225m⠀[38;2;117;160;220m⠀[38;2;114;156;214m⠀[38;2;110;152;209m⠀[38;2;107;147;204m⠀[38;2;104;143;199m⠀[38;2;100;138;194m⠀[0m
[38;2;167;113;160m⠀[38;2;173;108;153m⠀[38;2;178;104;146m⠀[38;2;183;99;139m⠀[38;2;188;95;131m⠀[38;2;194;91;124m⠀[38;2;199;86;117m⠀[38;2;204;82;110m⠀[38;2;209;77;102m⠀[38;2;214;73;95m⠀[38;2;220;69;88m⠀[38;2;225;64;81m⠀[38;2;230;60;73m⠀[38;2;235;56;66m⠀[38;2;241;51;59m⠀[38;2;246;47;52m⠀[38;2;251;42;44m⠀[38;2;253;41;42m⠀[38;2;249;46;49m⠀[38;2;245;51;56m⠀[38;2;242;56;64m⠀[38;2;238;61;71m⠈[38;2;234;66;78m⢿[38;2;230;72;85m⣿[38;2;226;77;93m⣿[38;2;222;82;100m⣿[38;2;218;87;107m⣿[38;2;214;92;114m⣿[38;2;211;97;122m⣿[38;2;207;102;129m⡿[38;2;203;107;136m⣼[38;2;199;112;143m⣿[38;2;195;117;151m⢇[38;2;191;122;158m⣿[38;2;187;127;165m⣿[38;2;183;132;172m⣿[38;2;180;137;180m⣿[38;2;176;142;187m⣿[38;2;172;147;194m⡿[38;2;168;152;201m⡄[38;2;164;157;209m⠀[38;2;160;163;216m⠀[38;2;156;168;223m⠀[38;2;152;173;230m⠀[38;2;149;178;238m⠀[38;2;145;183;245m⠀[38;2;141;188;252m⠀[38;2;137;187;251m⠀[38;2;134;182;246m⠀[38;2;131;178;241m⠀[38;2;127;173;235m⠀[38;2;124;169;230m⠀[38;2;120;165;225m⠀[38;2;117;160;220m⠀[38;2;114;156;214m⠀[38;2;110;152;209m⠀[38;2;107;147;204m⠀[38;2;104;143;199m⠀[38;2;100;138;194m⠀[38;2;97;134;188m⠀[0m
[38;2;173;108;153m⠀[38;2;178;104;146m⠀[38;2;183;99;139m⠀[38;2;188;95;131m⠀[38;2;194;91;124m⠀[38;2;199;86;117m⠀[38;2;204;82;110m⠀[38;2;209;77;102m⠀[38;2;214;73;95m⠀[38;2;220;69;88m⠀[38;2;225;64;81m⠀[38;2;230;60;73m⠀[38;2;235;56;66m⠀[38;2;241;51;59m⠀[38;2;246;47;52m⠀[38;2;251;42;44m⠀[38;2;253;41;42m⠀[38;2;249;46;49m⠀[38;2;245;51;56m⠀[38;2;242;56;64m⠀[38;2;238;61;71m⠀[38;2;234;66;78m⣠[38;2;230;72;85m⣬[38;2;226;77;93m⢿[38;2;222;82;100m⣿[38;2;218;87;107m⣿[38;2;214;92;114m⣿[38;2;211;97;122m⡿[38;2;207;102;129m⠋[38;2;203;107;136m⠁[38;2;199;112;143m⠈[38;2;195;117;151m⠻[38;2;191;122;158m⣸[38;2;187;127;165m⣿[38;2;183;132;172m⣿[38;2;180;137;180m⣿[38;2;176;142;187m⣽[38;2;172;147;194m⣿[38;2;168;152;201m⣟[38;2;164;157;209m⢩[38;2;160;163;216m⣦[38;2;156;168;223m⠀[38;2;152;173;230m⠀[38;2;149;178;238m⠀[38;2;145;183;245m⠀[38;2;141;188;252m⠀[38;2;137;187;251m⠀[38;2;134;182;246m⠀[38;2;131;178;241m⠀[38;2;127;173;235m⠀[38;2;124;169;230m⠀[38;2;120;165;225m⠀[38;2;117;160;220m⠀[38;2;114;156;214m⠀[38;2;110;152;209m⠀[38;2;107;147;204m⠀[38;2;104;143;199m⠀[38;2;100;138;194m⠀[38;2;97;134;188m⠀[38;2;93;130;183m⠀[0m
[38;2;178;104;146m⠀[38;2;183;99;139m⠀[38;2;188;95;131m⠀[38;2;194;91;124m⠀[38;2;199;86;117m⠀[38;2;204;82;110m⠀[38;2;209;77;102m⠀[38;2;214;73;95m⠀[38;2;220;69;88m⠀[38;2;225;64;81m⠀[38;2;230;60;73m⠀[38;2;235;56;66m⠀[38;2;241;51;59m⠀[38;2;246;47;52m⠀[38;2;251;42;44m⠀[38;2;253;41;42m⠀[38;2;249;46;49m⠀[38;2;245;51;56m⠀[38;2;242;56;64m⠀[38;2;238;61;71m⣠[38;2;234;66;78m⣾[38;2;230;72;85m⣿[38;2;226;77;93m⡿[38;2;222;82;100m⠻[38;2;218;87;107m⣿[38;2;214;92;114m⣿[38;2;211;97;122m⣯[38;2;207;102;129m⠀[38;2;203;107;136m⠀[38;2;199;112;143m⠀[38;2;195;117;151m⠀[38;2;191;122;158m⢠[38;2;187;127;165m⡟[38;2;183;132;172m⣷[38;2;180;137;180m⣿[38;2;176;142;187m⡎[38;2;172;147;194m⢂[38;2;168;152;201m⣍[38;2;164;157;209m⠻[38;2;160;163;216m⡝[38;2;156;168;223m⣼[38;2;152;173;230m⡆[38;2;149;178;238m⠀[38;2;145;183;245m⠀[38;2;141;188;252m⠀[38;2;137;187;251m⠀[38;2;134;182;246m⠀[38;2;131;178;241m⠀[38;2;127;173;235m⠀[38;2;124;169;230m⠀[38;2;120;165;225m⠀[38;2;117;160;220m⠀[38;2;114;156;214m⠀[38;2;110;152;209m⠀[38;2;107;147;204m⠀[38;2;104;143;199m⠀[38;2;100;138;194m⠀[38;2;97;134;188m⠀[38;2;93;130;183m⠀[38;2;90;125;178m⠀[0m
[38;2;183;99;139m⠀[38;2;188;95;131m⠀[38;2;194;91;124m⠀[38;2;199;86;117m⠀[38;2;204;82;110m⠀[38;2;209;77;102m⠀[38;2;214;73;95m⠀[38;2;220;69;88m⠀[38;2;225;64;81m⠀[38;2;230;60;73m⠀[38;2;235;56;66m⠀[38;2;241;51;59m⠀[38;2;246;47;52m⠀[38;2;251;42;44m⠀[38;2;253;41;42m⠀[38;2;249;46;49m⠀[38;2;245;51;56m⠀[38;2;242;56;64m⠀[38;2;238;61;71m⢸[38;2;234;66;78m⣿[38;2;230;72;85m⣿[38;2;226;77;93m⡿[38;2;222;82;100m⣻[38;2;218;87;107m⠐[38;2;214;92;114m⡿[38;2;211;97;122m⢿[38;2;207;102;129m⣿[38;2;203;107;136m⣧[38;2;199;112;143m⠀[38;2;195;117;151m⠀[38;2;191;122;158m⠀[38;2;187;127;165m⣾[38;2;183;132;172m⢰[38;2;180;137;180m⢿[38;2;176;142;187m⣿[38;2;172;147;194m⢡[38;2;168;152;201m⣿[38;2;164;157;209m⡇[38;2;160;163;216m⣿[38;2;156;168;223m⡿[38;2;152;173;230m⢿[38;2;149;178;238m⡏[38;2;145;183;245m⠀[38;2;141;188;252m⠀[38;2;137;187;251m⠀[38;2;134;182;246m⠀[38;2;131;178;241m⠀[38;2;127;173;235m⠀[38;2;124;169;230m⠀[38;2;120;165;225m⠀[38;2;117;160;220m⠀[38;2;114;156;214m⠀[38;2;110;152;209m⠀[38;2;107;147;204m⠀[38;2;104;143;199m⠀[38;2;100;138;194m⠀[38;2;97;134;188m⠀[38;2;93;130;183m⠀[38;2;90;125;178m⠀[38;2;87;121;173m⠀[0m
[38;2;188;95;131m⠀[38;2;194;91;124m⠀[38;2;199;86;117m⠀[38;2;204;82;110m⠀[38;2;209;77;102m⠀[38;2;214;73;95m⠀[38;2;220;69;88m⠀[38;2;225;64;81m⠀[38;2;230;60;73m⠀[38;2;235;56;66m⠀[38;2;241;51;59m⠀[38;2;246;47;52m⠀[38;2;251;42;44m⠀[38;2;253;41;42m⠀[38;2;249;46;49m⠀[38;2;245;51;56m⠀[38;2;242;56;64m⠀[38;2;238;61;71m⠀[38;2;234;66;78m⠀[38;2;230;72;85m⢿[38;2;226;77;93m⡿[38;2;222;82;100m⣿[38;2;218;87;107m⣿[38;2;214;92;114m⡆[38;2;211;97;122m⢦[38;2;207;102;129m⣞[38;2;203;107;136m⣿[38;2;199;112;143m⡿[38;2;195;117;151m⠀[38;2;191;122;158m⠀[38;2;187;127;165m⠀[38;2;183;132;172m⡟[38;2;180;137;180m⣾[38;2;176;142;187m⣿[38;2;172;147;194m⡟[38;2;168;152;201m⣸[38;2;164;157;209m⡟[38;2;160;163;216m⢸[38;2;156;168;223m⡟[38;2;152;173;230m⢠[38;2;149;178;238m⡞[38;2;145;183;245m⠀[38;2;141;188;252m⠀[38;2;137;187;251m⠀[38;2;134;182;246m⠀[38;2;131;178;241m⠀[38;2;127;173;235m⠀[38;2;124;169;230m⠀[38;2;120;165;225m⠀[38;2;117;160;220m⠀[38;2;114;156;214m⠀[38;2;110;152;209m⠀[38;2;107;147;204m⠀[38;2;104;143;199m⠀[38;2;100;138;194m⠀[38;2;97;134;188m⠀[38;2;93;130;183m⠀[38;2;90;125;178m⠀[38;2;87;121;173m⠀[38;2;83;116;167m⠀[0m
[38;2;194;91;124m⠀[38;2;199;86;117m⠀[38;2;204;82;110m⠀[38;2;209;77;102m⠀[38;2;214;73;95m⠀[38;2;220;69;88m⠀[38;2;225;64;81m⠀[38;2;230;60;73m⠀[38;2;235;56;66m⠀[38;2;241;51;59m⠀[38;2;246;47;52m⠀[38;2;251;42;44m⠀[38;2;253;41;42m⠀[38;2;249;46;49m⠀[38;2;245;51;56m⠀[38;2;242;56;64m⠀[38;2;238;61;71m⠀[38;2;234;66;78m⠀[38;2;230;72;85m⠀[38;2;226;77;93m⣈[38;2;222;82;100m⣹[38;2;218;87;107m⣿[38;2;214;92;114m⠛[38;2;211;97;122m⢓[38;2;207;102;129m⣃[38;2;203;107;136m⣽[38;2;199;112;143m⣿[38;2;195;117;151m⠁[38;2;191;122;158m⠀[38;2;187;127;165m⠀[38;2;183;132;172m⣼[38;2;180;137;180m⣿[38;2;176;142;187m⣿[38;2;172;147;194m⣿[38;2;168;152;201m⠇[38;2;164;157;209m⣿[38;2;160;163;216m⢃[38;2;156;168;223m⡿[38;2;152;173;230m⠁[38;2;149;178;238m⠘[38;2;145;183;245m⣇[38;2;141;188;252m⠀[38;2;137;187;251m⠀[38;2;134;182;246m⠀[38;2;131;178;241m⠀[38;2;127;173;235m⠀[38;2;124;169;230m⠀[38;2;120;165;225m⠀[38;2;117;160;220m⠀[38;2;114;156;214m⠀[38;2;110;152;209m⠀[38;2;107;147;204m⠀[38;2;104;143;199m⠀[38;2;100;138;194m⠀[38;2;97;134;188m⠀[38;2;93;130;183m⠀[38;2;90;125;178m⠀[38;2;87;121;173m⠀[38;2;83;116;167m⠀[38;2;80;112;162m⠀[0m
[38;2;199;86;117m⠀[38;2;204;82;110m⠀[38;2;209;77;102m⠀[38;2;214;73;95m⠀[38;2;220;69;88m⠀[38;2;225;64;81m⠀[38;2;230;60;73m⠀[38;2;235;56;66m⠀[38;2;241;51;59m⠀[38;2;246;47;52m⠀[38;2;251;42;44m⠀[38;2;253;41;42m⠀[38;2;249;46;49m⠀[38;2;245;51;56m⠀[38;2;242;56;64m⠀[38;2;238;61;71m⠀[38;2;234;66;78m⠀[38;2;230;72;85m⠐[38;2;226;77;93m⣿[38;2;222;82;100m⣿[38;2;218;87;107m⣷[38;2;214;92;114m⣿[38;2;211;97;122m⣿[38;2;207;102;129m⣿[38;2;203;107;136m⡟[38;2;199;112;143m⠋[38;2;195;117;151m⠁[38;2;191;122;158m⠀[38;2;187;127;165m⠀[38;2;183;132;172m⣴[38;2;180;137;180m⣿[38;2;176;142;187m⣿[38;2;172;147;194m⣧[38;2;168;152;201m⣿[38;2;164;157;209m⣶[38;2;160;163;216m⣦[38;2;156;168;223m⡼[38;2;152;173;230m⠁[38;2;149;178;238m⠀[38;2;145;183;245m⠀[38;2;141;188;252m⢹[38;2;137;187;251m⠀[38;2;134;182;246m⠀[38;2;131;178;241m⠀[38;2;127;173;235m⠀[38;2;124;169;230m⠀[38;2;120;165;225m⠀[38;2;117;160;220m⠀[38;2;114;156;214m⠀[38;2;110;152;209m⠀[38;2;107;147;204m⠀[38;2;104;143;199m⠀[38;2;100;138;194m⠀[38;2;97;134;188m⠀[38;2;93;130;183m⠀[38;2;90;125;178m⠀[38;2;87;121;173m⠀[38;2;83;116;167m⠀[38;2;80;112;162m⠀[38;2;77;108;157m⠀[0m
[38;2;204;82;110m⠀[38;2;209;77;102m⠀[38;2;214;73;95m⠀[38;2;220;69;88m⠀[38;2;225;64;81m⠀[38;2;230;60;73m⠀[38;2;235;56;66m⠀[38;2;241;51;59m⠀[38;2;246;47;52m⠀[38;2;251;42;44m⠀[38;2;253;41;42m⠀[38;2;249;46;49m⠀[38;2;245;51;56m⠀[38;2;242;56;64m⠀[38;2;238;61;71m⠀[38;2;234;66;78m⠀[38;2;230;72;85m⠀[38;2;226;77;93m⠈[38;2;222;82;100m⢋[38;2;218;87;107m⠷[38;2;214;92;114m⣿[38;2;211;97;122m⣿[38;2;207;102;129m⣶[38;2;203;107;136m⣿[38;2;199;112;143m⣷[38;2;195;117;151m⠀[38;2;191;122;158m⢀[38;2;187;127;165m⠀[38;2;183;132;172m⢰[38;2;180;137;180m⣿[38;2;176;142;187m⡿[38;2;172;147;194m⣿[38;2;168;152;201m⣟[38;2;164;157;209m⣿[38;2;160;163;216m⡿[38;2;156;168;223m⠋[38;2;152;173;230m⠀[38;2;149;178;238m⠀[38;2;145;183;245m⠀[38;2;141;188;252m⠀[38;2;137;187;251m⠈[38;2;134;182;246m⠀[38;2;131;178;241m⠀[38;2;127;173;235m⠀[38;2;124;169;230m⠀[38;2;120;165;225m⠀[38;2;117;160;220m⠀[38;2;114;156;214m⠀[38;2;110;152;209m⠀[38;2;107;147;204m⠀[38;2;104;143;199m⠀[38;2;100;138;194m⠀[38;2;97;134;188m⠀[38;2;93;130;183m⠀[38;2;90;125;178m⠀[38;2;87;121;173m⠀[38;2;83;116;167m⠀[38;2;80;112;162m⠀[38;2;77;108;157m⠀[38;2;73;103;152m⠀[0m
[38;2;209;77;102m⠀[38;2;214;73;95m⠀[38;2;220;69;88m⠀[38;2;225;64;81m⠀[38;2;230;60;73m⠀[38;2;235;56;66m⠀[38;2;241;51;59m⠀[38;2;246;47;52m⠀[38;2;251;42;44m⠀[38;2;253;41;42m⠀[38;2;249;46;49m⠀[38;2;245;51;56m⠀[38;2;242;56;64m⠀[38;2;238;61;71m⠀[38;2;234;66;78m⠀[38;2;230;72;85m⠀[38;2;226;77;93m⠀[38;2;222;82;100m⠀[38;2;218;87;107m⠀[38;2;214;92;114m⢸[38;2;211;97;122m⣿[38;2;207;102;129m⣿[38;2;203;107;136m⣿[38;2;199;112;143m⣿[38;2;195;117;151m⣿[38;2;191;122;158m⠀[38;2;187;127;165m⠀[38;2;183;132;172m⠀[38;2;180;137;180m⠀[38;2;176;142;187m⢿[38;2;172;147;194m⡹[38;2;168;152;201m⣿[38;2;164;157;209m⡿[38;2;160;163;216m⠋[38;2;156;168;223m⠀[38;2;152;173;230m⠀[38;2;149;178;238m⠀[38;2;145;183;245m⠀[38;2;141;188;252m⠀[38;2;137;187;251m⠀[38;2;134;182;246m⠀[38;2;131;178;241m⠀[38;2;127;173;235m⠀[38;2;124;169;230m⠀[38;2;120;165;225m⠀[38;2;117;160;220m⠀[38;2;114;156;214m⠀[38;2;110;152;209m⠀[38;2;107;147;204m⠀[38;2;104;143;199m⠀[38;2;100;138;194m⠀[38;2;97;134;188m⠀[38;2;93;130;183m⠀[38;2;90;125;178m⠀[38;2;87;121;173m⠀[38;2;83;116;167m⠀[38;2;80;112;162m⠀[38;2;77;108;157m⠀[38;2;73;103;152m⠀[38;2;70;99;147m⠀[0m
[38;2;214;73;95m⠀[38;2;220;69;88m⠀[38;2;225;64;81m⠀[38;2;230;60;73m⠀[38;2;235;56;66m⠀[38;2;241;51;59m⠀[38;2;246;47;52m⠀[38;2;251;42;44m⠀[38;2;253;41;42m⠀[38;2;249;46;49m⠀[38;2;245;51;56m⠀[38;2;242;56;64m⠀[38;2;238;61;71m⠀[38;2;234;66;78m⠀[38;2;230;72;85m⠀[38;2;226;77;93m⠀[38;2;222;82;100m⠀[38;2;218;87;107m⠀[38;2;214;92;114m⠀[38;2;211;97;122m⣸[38;2;207;102;129m⣿[38;2;203;107;136m⣿[38;2;199;112;143m⣿[38;2;195;117;151m⣿[38;2;191;122;158m⡿[38;2;187;127;165m⠀[38;2;183;132;172m⠀[38;2;180;137;180m⠀[38;2;176;142;187m⠀[38;2;172;147;194m⣾[38;2;168;152;201m⠄[38;2;164;157;209m⠉[38;2;160;163;216m⠀[38;2;156;168;223m⠀[38;2;152;173;230m⠀[38;2;149;178;238m⠀[38;2;145;183;245m⠀[38;2;141;188;252m⠀[38;2;137;187;251m⠀[38;2;134;182;246m⠀[38;2;131;178;241m⠀[38;2;127;173;235m⠀[38;2;124;169;230m⠀[38;2;120;165;225m⠀[38;2;117;160;220m⠀[38;2;114;156;214m⠀[38;2;110;152;209m⠀[38;2;107;147;204m⠀[38;2;104;143;199m⠀[38;2;100;138;194m⠀[38;2;97;134;188m⠀[38;2;93;130;183m⠀[38;2;90;125;178m⠀[38;2;87;121;173m⠀[38;2;83;116;167m⠀[38;2;80;112;162m⠀[38;2;77;108;157m⠀[38;2;73;103;152m⠀[38;2;70;99;147m⠀[38;2;66;95;141m⠀[0m
[38;2;220;69;88m⠀[38;2;225;64;81m⠀[38;2;230;60;73m⠀[38;2;235;56;66m⠀[38;2;241;51;59m⠀[38;2;246;47;52m⠀[38;2;251;42;44m⠀[38;2;253;41;42m⠀[38;2;249;46;49m⠀[38;2;245;51;56m⠀[38;2;242;56;64m⠀[38;2;238;61;71m⠀[38;2;234;66;78m⠀[38;2;230;72;85m⠀[38;2;226;77;93m⠀[38;2;222;82;100m⠀[38;2;218;87;107m⠀[38;2;214;92;114m⠀[38;2;211;97;122m⢰[38;2;207;102;129m⣿[38;2;203;107;136m⣿[38;2;199;112;143m⣿[38;2;195;117;151m⣿[38;2;191;122;158m⣯[38;2;187;127;165m⡇[38;2;183;132;172m⠀[38;2;180;137;180m⠀[38;2;176;142;187m⠀[38;2;172;147;194m⣼[38;2;168;152;201m⣿[38;2;164;157;209m⣣[38;2;160;163;216m⠀[38;2;156;168;223m⠀[38;2;152;173;230m⠀[38;2;149;178;238m⠀[38;2;145;183;245m⠀[38;2;141;188;252m⠀[38;2;137;187;251m⠀[38;2;134;182;246m⠀[38;2;131;178;241m⠀[38;2;127;173;235m⣐[38;2;124;169;230m⡄[38;2;120;165;225m⠀[38;2;117;160;220m⠀[38;2;114;156;214m⠀[38;2;110;152;209m⠀[38;2;107;147;204m⠀[38;2;104;143;199m⠀[38;2;100;138;194m⠀[38;2;97;134;188m⠀[38;2;93;130;183m⠀[38;2;90;125;178m⠀[38;2;87;121;173m⠀[38;2;83;116;167m⠀[38;2;80;112;162m⠀[38;2;77;108;157m⠀[38;2;73;103;152m⠀[38;2;70;99;147m⠀[38;2;66;95;141m⠀[38;2;63;90;136m⠀[0m
[38;2;225;64;81m⠀[38;2;230;60;73m⠀[38;2;235;56;66m⠀[38;2;241;51;59m⠀[38;2;246;47;52m⠀[38;2;251;42;44m⠀[38;2;253;41;42m⠀[38;2;249;46;49m⠀[38;2;245;51;56m⠀[38;2;242;56;64m⠀[38;2;238;61;71m⠀[38;2;234;66;78m⠀[38;2;230;72;85m⠀[38;2;226;77;93m⠀[38;2;222;82;100m⠀[38;2;218;87;107m⠀[38;2;214;92;114m⠀[38;2;211;97;122m⠀[38;2;207;102;129m⣾[38;2;203;107;136m⣞[38;2;199;112;143m⢿[38;2;195;117;151m⣿[38;2;191;122;158m⣿[38;2;187;127;165m⣿[38;2;183;132;172m⡇[38;2;180;137;180m⠀[38;2;176;142;187m⢁[38;2;172;147;194m⠀[38;2;168;152;201m⣿[38;2;164;157;209m⣿[38;2;160;163;216m⣯[38;2;156;168;223m⣞[38;2;152;173;230m⣷[38;2;149;178;238m⣦[38;2;145;183;245m⣄[38;2;141;188;252m⡀[38;2;137;187;251m⠀[38;2;134;182;246m⠀[38;2;131;178;241m⠀[38;2;127;173;235m⣾[38;2;124;169;230m⣿[38;2;120;165;225m⡇[38;2;117;160;220m⠀[38;2;114;156;214m⠀[38;2;110;152;209m⠀[38;2;107;147;204m⠀[38;2;104;143;199m⠀[38;2;100;138;194m⠀[38;2;97;134;188m⠀[38;2;93;130;183m⠀[38;2;90;125;178m⠀[38;2;87;121;173m⠀[38;2;83;116;167m⠀[38;2;80;112;162m⠀[38;2;77;108;157m⠀[38;2;73;103;152m⠀[38;2;70;99;147m⠀[38;2;66;95;141m⠀[38;2;63;90;136m⠀[38;2;60;86;131m⠀[0m
[38;2;230;60;73m⠀[38;2;235;56;66m⠀[38;2;241;51;59m⠀[38;2;246;47;52m⠀[38;2;251;42;44m⠀[38;2;253;41;42m⠀[38;2;249;46;49m⠀[38;2;245;51;56m⠀[38;2;242;56;64m⠀[38;2;238;61;71m⠀[38;2;234;66;78m⠀[38;2;230;72;85m⠀[38;2;226;77;93m⠀[38;2;222;82;100m⠀[38;2;218;87;107m⠀[38;2;214;92;114m⠀[38;2;211;97;122m⠀[38;2;207;102;129m⣸[38;2;203;107;136m⣿[38;2;199;112;143m⣿[38;2;195;117;151m⣟[38;2;191;122;158m⣿[38;2;187;127;165m⣿[38;2;183;132;172m⣿[38;2;180;137;180m⣧[38;2;176;142;187m⠀[38;2;172;147;194m⠸[38;2;168;152;201m⠀[38;2;164;157;209m⣿[38;2;160;163;216m⣿[38;2;156;168;223m⣿[38;2;152;173;230m⣿[38;2;149;178;238m⡄[38;2;145;183;245m⠀[38;2;141;188;252m⠀[38;2;137;187;251m⠀[38;2;134;182;246m⠀[38;2;131;178;241m⠀[38;2;127;173;235m⠀[38;2;124;169;230m⠀[38;2;120;165;225m⠀[38;2;117;160;220m⠀[38;2;114;156;214m⠀[38;2;110;152;209m⠀[38;2;107;147;204m⠀[38;2;104;143;199m⠀[38;2;100;138;194m⠀[38;2;97;134;188m⠀[38;2;93;130;183m⠀[38;2;90;125;178m⠀[38;2;87;121;173m⠀[38;2;83;116;167m⠀[38;2;80;112;162m⠀[38;2;77;108;157m⠀[38;2;73;103;152m⠀[38;2;70;99;147m⠀[38;2;66;95;141m⠀[38;2;63;90;136m⠀[38;2;60;86;131m⠀[38;2;56;81;126m⠀[0m
[38;2;235;56;66m⠀[38;2;241;51;59m⠀[38;2;246;47;52m⠀[38;2;251;42;44m⠀[38;2;253;41;42m⠀[38;2;249;46;49m⠀[38;2;245;51;56m⠀[38;2;242;56;64m⠀[38;2;238;61;71m⠀[38;2;234;66;78m⠀[38;2;230;72;85m⠀[38;2;226;77;93m⠀[38;2;222;82;100m⠀[38;2;218;87;107m⠀[38;2;214;92;114m⠀[38;2;211;97;122m⠀[38;2;207;102;129m⣰[38;2;203;107;136m⣿[38;2;199;112;143m⣿[38;2;195;117;151m⣿[38;2;191;122;158m⣿[38;2;187;127;165m⣾[38;2;183;132;172m⣿[38;2;180;137;180m⣿[38;2;176;142;187m⣿[38;2;172;147;194m⡆[38;2;168;152;201m⠀[38;2;164;157;209m⢠[38;2;160;163;216m⣿[38;2;156;168;223m⣿[38;2;152;173;230m⣿[38;2;149;178;238m⣿[38;2;145;183;245m⣿[38;2;141;188;252m⣦[38;2;137;187;251m⠀[38;2;134;182;246m⠀[38;2;131;178;241m⠀[38;2;127;173;235m⠀[38;2;124;169;230m⠀[38;2;120;165;225m⠀[38;2;117;160;220m⠀[38;2;114;156;214m⠀[38;2;110;152;209m⠀[38;2;107;147;204m⠀[38;2;104;143;199m⠀[38;2;100;138;194m⠀[38;2;97;134;188m⠀[38;2;93;130;183m⠀[38;2;90;125;178m⠀[38;2;87;121;173m⠀[38;2;83;116;167m⠀[38;2;80;112;162m⠀[38;2;77;108;157m⠀[38;2;73;103;152m⠀[38;2;70;99;147m⠀[38;2;66;95;141m⠀[38;2;63;90;136m⠀[38;2;60;86;131m⠀[38;2;56;81;126m⠀[38;2;53;77;120m⠀[0m
[38;2;241;51;59m⠀[38;2;246;47;52m⠀[38;2;251;42;44m⠀[38;2;253;41;42m⠀[38;2;249;46;49m⠀[38;2;245;51;56m⠀[38;2;242;56;64m⠀[38;2;238;61;71m⠀[38;2;234;66;78m⠀[38;2;230;72;85m⠀[38;2;226;77;93m⠀[38;2;222;82;100m⠀[38;2;218;87;107m⠀[38;2;214;92;114m⠀[38;2;211;97;122m⠀[38;2;207;102;129m⢀[38;2;203;107;136m⣿[38;2;199;112;143m⣿[38;2;195;117;151m⣿[38;2;191;122;158m⣿[38;2;187;127;165m⣿[38;2;183;132;172m⣿[38;2;180;137;180m⣿[38;2;176;142;187m⣿[38;2;172;147;194m⣿[38;2;168;152;201m⣷[38;2;164;157;209m⠀[38;2;160;163;216m⣼[38;2;156;168;223m⣿[38;2;152;173;230m⣿[38;2;149;178;238m⣿[38;2;145;183;245m⣿[38;2;141;188;252m⣿[38;2;137;187;251m⣿[38;2;134;182;246m⣳[38;2;131;178;241m⡀[38;2;127;173;235m⠀[38;2;124;169;230m⠀[38;2;120;165;225m⠀[38;2;117;160;220m⠀[38;2;114;156;214m⠀[38;2;110;152;209m⠀[38;2;107;147;204m⠀[38;2;104;143;199m⠀[38;2;100;138;194m⠀[38;2;97;134;188m⠀[38;2;93;130;183m⠀[38;2;90;125;178m⠀[38;2;87;121;173m⠀[38;2;83;116;167m⠀[38;2;80;112;162m⠀[38;2;77;108;157m⠀[38;2;73;103;152m⠀[38;2;70;99;147m⠀[38;2;66;95;141m⠀[38;2;63;90;136m⠀[38;2;60;86;131m⠀[38;2;56;81;126m⠀[38;2;53;77;120m⠀[38;2;50;73;115m⠀[0m
[38;2;246;47;52m⠀[38;2;251;42;44m⠀[38;2;253;41;42m⠀[38;2;249;46;49m⠀[38;2;245;51;56m⠀[38;2;242;56;64m⠀[38;2;238;61;71m⠀[38;2;234;66;78m⠀[38;2;230;72;85m⠀[38;2;226;77;93m⠀[38;2;222;82;100m⠀[38;2;218;87;107m⠀[38;2;214;92;114m⠀[38;2;211;97;122m⠀[38;2;207;102;129m⠀[38;2;203;107;136m⢸[38;2;199;112;143m⣿[38;2;195;117;151m⣿[38;2;191;122;158m⣿[38;2;187;127;165m⣿[38;2;183;132;172m⣿[38;2;180;137;180m⣿[38;2;176;142;187m⣿[38;2;172;147;194m⡿[38;2;168;152;201m⠟[38;2;164;157;209m⠻[38;2;160;163;216m⣰[38;2;156;168;223m⣿[38;2;152;173;230m⣿[38;2;149;178;238m⣿[38;2;145;183;245m⣿[38;2;141;188;252m⢹[38;2;137;187;251m⣿[38;2;134;182;246m⣿[38;2;131;178;241m⣿[38;2;127;173;235m⣷[38;2;124;169;230m⡀[38;2;120;165;225m⠀[38;2;117;160;220m⠀[38;2;114;156;214m⠀[38;2;110;152;209m⠀[38;2;107;147;204m⠀[38;2;104;143;199m⠀[38;2;100;138;194m⠀[38;2;97;134;188m⠀[38;2;93;130;183m⠀[38;2;90;125;178m⠀[38;2;87;121;173m⠀[38;2;83;116;167m⠀[38;2;80;112;162m⠀[38;2;77;108;157m⠀[38;2;73;103;152m⠀[38;2;70;99;147m⠀[38;2;66;95;141m⠀[38;2;63;90;136m⠀[38;2;60;86;131m⠀[38;2;56;81;126m⠀[38;2;53;77;120m⠀[38;2;50;73;115m⠀[38;2;46;68;110m⠀[0m
[38;2;251;42;44m⠀[38;2;253;41;42m⠀[38;2;249;46;49m⠀[38;2;245;51;56m⠀[38;2;242;56;64m⠀[38;2;238;61;71m⠀[38;2;234;66;78m⠀[38;2;230;72;85m⠀[38;2;226;77;93m⠀[38;2;222;82;100m⠀[38;2;218;87;107m⠀[38;2;214;92;114m⠀[38;2;211;97;122m⠀[38;2;207;102;129m⠀[38;2;203;107;136m⠀[38;2;199;112;143m⣿[38;2;195;117;151m⣿[38;2;191;122;158m⣿[38;2;187;127;165m⣿[38;2;183;132;172m⣿[38;2;180;137;180m⣿[38;2;176;142;187m⠿[38;2;172;147;194m⠋[38;2;168;152;201m⠀[38;2;164;157;209m⢀[38;2;160;163;216m⣤[38;2;156;168;223m⣆[38;2;152;173;230m⣿[38;2;149;178;238m⣿[38;2;145;183;245m⣿[38;2;141;188;252m⣿[38;2;137;187;251m⡾[38;2;134;182;246m⣿[38;2;131;178;241m⣾[38;2;127;173;235m⢹[38;2;124;169;230m⣿[38;2;120;165;225m⣧[38;2;117;160;220m⠀[38;2;114;156;214m⠀[38;2;110;152;209m⠀[38;2;107;147;204m⠀[38;2;104;143;199m⠀[38;2;100;138;194m⠀[38;2;97;134;188m⠀[38;2;93;130;183m⠀[38;2;90;125;178m⠀[38;2;87;121;173m⠀[38;2;83;116;167m⠀[38;2;80;112;162m⠀[38;2;77;108;157m⠀[38;2;73;103;152m⠀[38;2;70;99;147m⠀[38;2;66;95;141m⠀[38;2;63;90;136m⠀[38;2;60;86;131m⠀[38;2;56;81;126m⠀[38;2;53;77;120m⠀[38;2;50;73;115m⠀[38;2;46;68;110m⠀[38;2;43;64;105m⠀[0m
