[38;2;100;200;255m [38;2;97;195;253m [38;2;94;191;252m [38;2;91;187;250m [38;2;89;183;249m [38;2;86;179;247m [38;2;83;175;246m [38;2;81;171;244m [38;2;78;167;243m [38;2;75;163;241m [38;2;72;159;240m [38;2;70;155;238m [38;2;67;151;237m [38;2;64;147;235m [38;2;62;143;234m [38;2;59;139;232m [38;2;56;135;231m [38;2;54;131;229m [38;2;51;127;228m [38;2;48;122;226m-[38;2;45;118;225m`[0m
[38;2;100;200;255m [38;2;97;195;253m [38;2;94;191;252m [38;2;91;187;250m [38;2;89;183;249m [38;2;86;179;247m [38;2;83;175;246m [38;2;81;171;244m [38;2;78;167;243m [38;2;75;163;241m [38;2;72;159;240m [38;2;70;155;238m [38;2;67;151;237m [38;2;64;147;235m [38;2;62;143;234m [38;2;59;139;232m [38;2;56;135;231m [38;2;54;131;229m [38;2;51;127;228m.[38;2;48;122;226mo[38;2;45;118;225m+[38;2;43;114;223m`[0m
[38;2;100;200;255m [38;2;97;195;253m [38;2;94;191;252m [38;2;91;187;250m [38;2;89;183;249m [38;2;86;179;247m [38;2;83;175;246m [38;2;81;171;244m [38;2;78;167;243m [38;2;75;163;241m [38;2;72;159;240m [38;2;70;155;238m [38;2;67;151;237m [38;2;64;147;235m [38;2;62;143;234m [38;2;59;139;232m [38;2;56;135;231m [38;2;54;131;229m`[38;2;51;127;228mo[38;2;48;122;226mo[38;2;45;118;225mo[38;2;43;114;223m/[0m
[38;2;100;200;255m [38;2;97;195;253m [38;2;94;191;252m [38;2;91;187;250m [38;2;89;183;249m [38;2;86;179;247m [38;2;83;175;246m [38;2;81;171;244m [38;2;78;167;243m [38;2;75;163;241m [38;2;72;159;240m [38;2;70;155;238m [38;2;67;151;237m [38;2;64;147;235m [38;2;62;143;234m [38;2;59;139;232m [38;2;56;135;231m`[38;2;54;131;229m+[38;2;51;127;228mo[38;2;48;122;226mo[38;2;45;118;225mo[38;2;43;114;223mo[38;2;40;110;222m:[0m
[38;2;100;200;255m [38;2;97;195;253m [38;2;94;191;252m [38;2;91;187;250m [38;2;89;183;249m [38;2;86;179;247m [38;2;83;175;246m [38;2;81;171;244m [38;2;78;167;243m [38;2;75;163;241m [38;2;72;159;240m [38;2;70;155;238m [38;2;67;151;237m [38;2;64;147;235m [38;2;62;143;234m [38;2;59;139;232m`[38;2;56;135;231m+[38;2;54;131;229mo[38;2;51;127;228mo[38;2;48;122;226mo[38;2;45;118;225mo[38;2;43;114;223mo[38;2;40;110;222mo[38;2;37;106;220m:[0m
[38;2;100;200;255m [38;2;97;195;253m [38;2;94;191;252m [38;2;91;187;250m [38;2;89;183;249m [38;2;86;179;247m [38;2;83;175;246m [38;2;81;171;244m [38;2;78;167;243m [38;2;75;163;241m [38;2;72;159;240m [38;2;70;155;238m [38;2;67;151;237m [38;2;64;147;235m [38;2;62;143;234m [38;2;59;139;232m-[38;2;56;135;231m+[38;2;54;131;229mo[38;2;51;127;228mo[38;2;48;122;226mo[38;2;45;118;225mo[38;2;43;114;223mo[38;2;40;110;222mo[38;2;37;106;220m+[38;2;35;102;219m:[0m
[38;2;100;200;255m [38;2;97;195;253m [38;2;94;191;252m [38;2;91;187;250m [38;2;89;183;249m [38;2;86;179;247m [38;2;83;175;246m [38;2;81;171;244m [38;2;78;167;243m [38;2;75;163;241m [38;2;72;159;240m [38;2;70;155;238m [38;2;67;151;237m [38;2;64;147;235m`[38;2;62;143;234m/[38;2;59;139;232m:[38;2;56;135;231m-[38;2;54;131;229m:[38;2;51;127;228m+[38;2;48;122;226m+[38;2;45;118;225mo[38;2;43;114;223mo[38;2;40;110;222mo[38;2;37;106;220mo[38;2;35;102;219m+[38;2;32;98;217m:[0m
[38;2;100;200;255m [38;2;97;195;253m [38;2;94;191;252m [38;2;91;187;250m [38;2;89;183;249m [38;2;86;179;247m [38;2;83;175;246m [38;2;81;171;244m [38;2;78;167;243m [38;2;75;163;241m [38;2;72;159;240m [38;2;70;155;238m [38;2;67;151;237m`[38;2;64;147;235m/[38;2;62;143;234m+[38;2;59;139;232m+[38;2;56;135;231m+[38;2;54;131;229m+[38;2;51;127;228m/[38;2;48;122;226m+[38;2;45;118;225m+[38;2;43;114;223m+[38;2;40;110;222m+[38;2;37;106;220m+[38;2;35;102;219m+[38;2;32;98;217m+[38;2;29;94;216m:[0m
[38;2;100;200;255m [38;2;97;195;253m [38;2;94;191;252m [38;2;91;187;250m [38;2;89;183;249m [38;2;86;179;247m [38;2;83;175;246m [38;2;81;171;244m [38;2;78;167;243m [38;2;75;163;241m [38;2;72;159;240m [38;2;70;155;238m`[38;2;67;151;237m/[38;2;64;147;235m+[38;2;62;143;234m+[38;2;59;139;232m+[38;2;56;135;231m+[38;2;54;131;229m+[38;2;51;127;228m+[38;2;48;122;226m+[38;2;45;118;225m+[38;2;43;114;223m+[38;2;40;110;222m+[38;2;37;106;220m+[38;2;35;102;219m+[38;2;32;98;217m+[38;2;29;94;216m+[38;2;27;90;214m:[0m
[38;2;100;200;255m [38;2;97;195;253m [38;2;94;191;252m [38;2;91;187;250m [38;2;89;183;249m [38;2;86;179;247m [38;2;83;175;246m [38;2;81;171;244m [38;2;78;167;243m [38;2;75;163;241m [38;2;72;159;240m`[38;2;70;155;238m/[38;2;67;151;237m+[38;2;64;147;235m+[38;2;62;143;234m+[38;2;59;139;232mo[38;2;56;135;231mo[38;2;54;131;229mo[38;2;51;127;228mo[38;2;48;122;226mo[38;2;45;118;225mo[38;2;43;114;223mo[38;2;40;110;222mo[38;2;37;106;220mo[38;2;35;102;219mo[38;2;32;98;217mo[38;2;29;94;216mo[38;2;27;90;214mo[38;2;24;86;213m/[38;2;21;82;211m`[0m
[38;2;100;200;255m [38;2;97;195;253m [38;2;94;191;252m [38;2;91;187;250m [38;2;89;183;249m [38;2;86;179;247m [38;2;83;175;246m [38;2;81;171;244m [38;2;78;167;243m [38;2;75;163;241m.[38;2;72;159;240m/[38;2;70;155;238mo[38;2;67;151;237mo[38;2;64;147;235mo[38;2;62;143;234ms[38;2;59;139;232ms[38;2;56;135;231ms[38;2;54;131;229ms[38;2;51;127;228mo[38;2;48;122;226m+[38;2;45;118;225m+[38;2;43;114;223mo[38;2;40;110;222ms[38;2;37;106;220ms[38;2;35;102;219ms[38;2;32;98;217ms[38;2;29;94;216ms[38;2;27;90;214ms[38;2;24;86;213mo[38;2;21;82;211m+[38;2;18;78;210m`[0m
[38;2;100;200;255m [38;2;97;195;253m [38;2;94;191;252m [38;2;91;187;250m [38;2;89;183;249m [38;2;86;179;247m [38;2;83;175;246m [38;2;81;171;244m [38;2;78;167;243m.[38;2;75;163;241mo[38;2;72;159;240mo[38;2;70;155;238ms[38;2;67;151;237ms[38;2;64;147;235ms[38;2;62;143;234ms[38;2;59;139;232ms[38;2;56;135;231mo[38;2;54;131;229m-[38;2;51;127;228m`[38;2;48;122;226m`[38;2;45;118;225m`[38;2;43;114;223m`[38;2;40;110;222m/[38;2;37;106;220mo[38;2;35;102;219ms[38;2;32;98;217ms[38;2;29;94;216ms[38;2;27;90;214ms[38;2;24;86;213ms[38;2;21;82;211ms[38;2;18;78;210m+[38;2;16;74;208m`[0m
[38;2;100;200;255m [38;2;97;195;253m [38;2;94;191;252m [38;2;91;187;250m [38;2;89;183;249m [38;2;86;179;247m [38;2;83;175;246m [38;2;81;171;244m-[38;2;78;167;243mo[38;2;75;163;241ms[38;2;72;159;240ms[38;2;70;155;238ms[38;2;67;151;237ms[38;2;64;147;235ms[38;2;62;143;234ms[38;2;59;139;232mo[38;2;56;135;231m.[38;2;54;131;229m [38;2;51;127;228m [38;2;48;122;226m [38;2;45;118;225m [38;2;43;114;223m [38;2;40;110;222m [38;2;37;106;220m:[38;2;35;102;219ms[38;2;32;98;217ms[38;2;29;94;216ms[38;2;27;90;214ms[38;2;24;86;213ms[38;2;21;82;211ms[38;2;18;78;210ms[38;2;16;74;208mo[38;2;13;70;207m.[0m
[38;2;100;200;255m [38;2;97;195;253m [38;2;94;191;252m [38;2;91;187;250m [38;2;89;183;249m [38;2;86;179;247m [38;2;83;175;246m:[38;2;81;171;244mo[38;2;78;167;243ms[38;2;75;163;241ms[38;2;72;159;240ms[38;2;70;155;238ms[38;2;67;151;237ms[38;2;64;147;235ms[38;2;62;143;234ms[38;2;59;139;232m/[38;2;56;135;231m [38;2;54;131;229m [38;2;51;127;228m [38;2;48;122;226m [38;2;45;118;225m [38;2;43;114;223m [38;2;40;110;222m [38;2;37;106;220m [38;2;35;102;219mo[38;2;32;98;217ms[38;2;29;94;216ms[38;2;27;90;214ms[38;2;24;86;213ms[38;2;21;82;211mo[38;2;18;78;210m+[38;2;16;74;208m+[38;2;13;70;207m+[38;2;10;66;205m.[0m
[38;2;100;200;255m [38;2;97;195;253m [38;2;94;191;252m [38;2;91;187;250m [38;2;89;183;249m [38;2;86;179;247m/[38;2;83;175;246mo[38;2;81;171;244ms[38;2;78;167;243ms[38;2;75;163;241ms[38;2;72;159;240ms[38;2;70;155;238ms[38;2;67;151;237ms[38;2;64;147;235ms[38;2;62;143;234ms[38;2;59;139;232m/[38;2;56;135;231m [38;2;54;131;229m [38;2;51;127;228m [38;2;48;122;226m [38;2;45;118;225m [38;2;43;114;223m [38;2;40;110;222m [38;2;37;106;220m [38;2;35;102;219m+[38;2;32;98;217ms[38;2;29;94;216ms[38;2;27;90;214ms[38;2;24;86;213ms[38;2;21;82;211mo[38;2;18;78;210mo[38;2;16;74;208mo[38;2;13;70;207m/[38;2;10;66;205m-[0m
[38;2;100;200;255m [38;2;97;195;253m [38;2;94;191;252m [38;2;91;187;250m`[38;2;89;183;249m/[38;2;86;179;247mo[38;2;83;175;246ms[38;2;81;171;244ms[38;2;78;167;243ms[38;2;75;163;241ms[38;2;72;159;240ms[38;2;70;155;238mo[38;2;67;151;237m+[38;2;64;147;235m/[38;2;62;143;234m:[38;2;59;139;232m-[38;2;56;135;231m [38;2;54;131;229m [38;2;51;127;228m [38;2;48;122;226m [38;2;45;118;225m [38;2;43;114;223m [38;2;40;110;222m [38;2;37;106;220m [38;2;35;102;219m-[38;2;32;98;217m:[38;2;29;94;216m/[38;2;27;90;214m+[38;2;24;86;213mo[38;2;21;82;211ms[38;2;18;78;210ms[38;2;16;74;208ms[38;2;13;70;207ms[38;2;10;66;205mo[38;2;8;62;204m+[38;2;5;58;202m-[0m
[38;2;100;200;255m [38;2;97;195;253m [38;2;94;191;252m`[38;2;91;187;250m+[38;2;89;183;249ms[38;2;86;179;247ms[38;2;83;175;246mo[38;2;81;171;244m+[38;2;78;167;243m:[38;2;75;163;241m-[38;2;72;159;240m`[38;2;70;155;238m [38;2;67;151;237m [38;2;64;147;235m [38;2;62;143;234m [38;2;59;139;232m [38;2;56;135;231m [38;2;54;131;229m [38;2;51;127;228m [38;2;48;122;226m [38;2;45;118;225m [38;2;43;114;223m [38;2;40;110;222m [38;2;37;106;220m [38;2;35;102;219m [38;2;32;98;217m [38;2;29;94;216m [38;2;27;90;214m [38;2;24;86;213m`[38;2;21;82;211m.[38;2;18;78;210m-[38;2;16;74;208m/[38;2;13;70;207m+[38;2;10;66;205mo[38;2;8;62;204ms[38;2;5;58;202mo[38;2;2;54;201m:[0m
[38;2;100;200;255m [38;2;97;195;253m`[38;2;94;191;252m+[38;2;91;187;250m+[38;2;89;183;249m:[38;2;86;179;247m.[38;2;83;175;246m [38;2;81;171;244m [38;2;78;167;243m [38;2;75;163;241m [38;2;72;159;240m [38;2;70;155;238m [38;2;67;151;237m [38;2;64;147;235m [38;2;62;143;234m [38;2;59;139;232m [38;2;56;135;231m [38;2;54;131;229m [38;2;51;127;228m [38;2;48;122;226m [38;2;45;118;225m [38;2;43;114;223m [38;2;40;110;222m [38;2;37;106;220m [38;2;35;102;219m [38;2;32;98;217m [38;2;29;94;216m [38;2;27;90;214m [38;2;24;86;213m [38;2;21;82;211m [38;2;18;78;210m [38;2;16;74;208m [38;2;13;70;207m [38;2;10;66;205m`[38;2;8;62;204m-[38;2;5;58;202m/[38;2;2;54;201m+[38;2;0;50;200m/[0m
[38;2;100;200;255m [38;2;97;195;253m.[38;2;94;191;252m`[38;2;91;187;250m [38;2;89;183;249m [38;2;86;179;247m [38;2;83;175;246m [38;2;81;171;244m [38;2;78;167;243m [38;2;75;163;241m [38;2;72;159;240m [38;2;70;155;238m [38;2;67;151;237m [38;2;64;147;235m [38;2;62;143;234m [38;2;59;139;232m [38;2;56;135;231m [38;2;54;131;229m [38;2;51;127;228m [38;2;48;122;226m [38;2;45;118;225m [38;2;43;114;223m [38;2;40;110;222m [38;2;37;106;220m [38;2;35;102;219m [38;2;32;98;217m [38;2;29;94;216m [38;2;27;90;214m [38;2;24;86;213m [38;2;21;82;211m [38;2;18;78;210m [38;2;16;74;208m [38;2;13;70;207m [38;2;10;66;205m [38;2;8;62;204m [38;2;5;58;202m [38;2;2;54;201m`[38;2;0;50;200m/[0m
