[38;2;100;200;255m█[38;2;98;197;253m█[38;2;96;194;252m█[38;2;94;191;251m█[38;2;92;188;250m█[38;2;90;185;249m█[38;2;88;182;248m╗[38;2;86;179;247m [38;2;84;176;246m [38;2;82;173;245m█[38;2;80;170;244m█[38;2;78;167;242m█[38;2;76;164;241m█[38;2;74;161;240m█[38;2;72;158;239m█[38;2;70;155;238m╗[38;2;68;152;237m [38;2;66;149;236m█[38;2;64;146;235m█[38;2;62;143;234m╗[38;2;60;140;233m [38;2;58;137;231m [38;2;56;134;230m [38;2;54;131;229m█[38;2;52;128;228m█[38;2;50;125;227m╗[38;2;48;122;226m█[38;2;46;119;225m█[38;2;43;115;224m█[38;2;42;113;223m█[38;2;40;110;222m█[38;2;38;107;220m█[38;2;36;104;219m█[38;2;34;101;218m█[38;2;32;97;217m╗[38;2;30;95;216m█[38;2;28;92;215m█[38;2;26;89;214m█[38;2;24;86;213m█[38;2;22;83;212m█[38;2;20;80;211m█[38;2;18;77;209m█[38;2;16;74;208m╗[38;2;14;71;207m█[38;2;12;68;206m█[38;2;10;65;205m╗[38;2;8;62;204m [38;2;6;59;203m [38;2;4;56;202m [38;2;2;53;201m [38;2;0;50;200m [0m
[38;2;100;200;255m█[38;2;98;197;253m█[38;2;96;194;252m╔[38;2;94;191;251m═[38;2;92;188;250m═[38;2;90;185;249m█[38;2;88;182;248m█[38;2;86;179;247m╗[38;2;84;176;246m█[38;2;82;173;245m█[38;2;80;170;244m╔[38;2;78;167;242m═[38;2;76;164;241m═[38;2;74;161;240m═[38;2;72;158;239m█[38;2;70;155;238m█[38;2;68;152;237m╗[38;2;66;149;236m█[38;2;64;146;235m█[38;2;62;143;234m║[38;2;60;140;233m [38;2;58;137;231m [38;2;56;134;230m [38;2;54;131;229m█[38;2;52;128;228m█[38;2;50;125;227m║[38;2;48;122;226m╚[38;2;46;119;225m═[38;2;43;115;224m═[38;2;42;113;223m█[38;2;40;110;222m█[38;2;38;107;220m╔[38;2;36;104;219m═[38;2;34;101;218m═[38;2;32;97;217m╝[38;2;30;95;216m█[38;2;28;92;215m█[38;2;26;89;214m╔[38;2;24;86;213m═[38;2;22;83;212m═[38;2;20;80;211m═[38;2;18;77;209m═[38;2;16;74;208m╝[38;2;14;71;207m█[38;2;12;68;206m█[38;2;10;65;205m║[38;2;8;62;204m [38;2;6;59;203m [38;2;4;56;202m [38;2;2;53;201m [38;2;0;50;200m [0m
[38;2;100;200;255m█[38;2;98;197;253m█[38;2;96;194;252m█[38;2;94;191;251m█[38;2;92;188;250m█[38;2;90;185;249m█[38;2;88;182;248m╔[38;2;86;179;247m╝[38;2;84;176;246m█[38;2;82;173;245m█[38;2;80;170;244m║[38;2;78;167;242m [38;2;76;164;241m [38;2;74;161;240m [38;2;72;158;239m█[38;2;70;155;238m█[38;2;68;152;237m║[38;2;66;149;236m█[38;2;64;146;235m█[38;2;62;143;234m║[38;2;60;140;233m [38;2;58;137;231m [38;2;56;134;230m [38;2;54;131;229m█[38;2;52;128;228m█[38;2;50;125;227m║[38;2;48;122;226m [38;2;46;119;225m [38;2;43;115;224m [38;2;42;113;223m█[38;2;40;110;222m█[38;2;38;107;220m║[38;2;36;104;219m [38;2;34;101;218m [38;2;32;97;217m [38;2;30;95;216m█[38;2;28;92;215m█[38;2;26;89;214m█[38;2;24;86;213m█[38;2;22;83;212m█[38;2;20;80;211m╗[38;2;18;77;209m [38;2;16;74;208m [38;2;14;71;207m█[38;2;12;68;206m█[38;2;10;65;205m║[38;2;8;62;204m [38;2;6;59;203m [38;2;4;56;202m [38;2;2;53;201m [38;2;0;50;200m [0m
[38;2;100;200;255m█[38;2;98;197;253m█[38;2;96;194;252m╔[38;2;94;191;251m═[38;2;92;188;250m═[38;2;90;185;249m█[38;2;88;182;248m█[38;2;86;179;247m╗[38;2;84;176;246m█[38;2;82;173;245m█[38;2;80;170;244m║[38;2;78;167;242m [38;2;76;164;241m [38;2;74;161;240m [38;2;72;158;239m█[38;2;70;155;238m█[38;2;68;152;237m║[38;2;66;149;236m█[38;2;64;146;235m█[38;2;62;143;234m║[38;2;60;140;233m [38;2;58;137;231m [38;2;56;134;230m [38;2;54;131;229m█[38;2;52;128;228m█[38;2;50;125;227m║[38;2;48;122;226m [38;2;46;119;225m [38;2;43;115;224m [38;2;42;113;223m█[38;2;40;110;222m█[38;2;38;107;220m║[38;2;36;104;219m [38;2;34;101;218m [38;2;32;97;217m [38;2;30;95;216m█[38;2;28;92;215m█[38;2;26;89;214m╔[38;2;24;86;213m═[38;2;22;83;212m═[38;2;20;80;211m╝[38;2;18;77;209m [38;2;16;74;208m [38;2;14;71;207m█[38;2;12;68;206m█[38;2;10;65;205m║[38;2;8;62;204m [38;2;6;59;203m [38;2;4;56;202m [38;2;2;53;201m [38;2;0;50;200m [0m
[38;2;100;200;255m█[38;2;98;197;253m█[38;2;96;194;252m║[38;2;94;191;251m [38;2;92;188;250m [38;2;90;185;249m█[38;2;88;182;248m█[38;2;86;179;247m║[38;2;84;176;246m╚[38;2;82;173;245m█[38;2;80;170;244m█[38;2;78;167;242m█[38;2;76;164;241m█[38;2;74;161;240m█[38;2;72;158;239m█[38;2;70;155;238m╔[38;2;68;152;237m╝[38;2;66;149;236m╚[38;2;64;146;235m█[38;2;62;143;234m█[38;2;60;140;233m█[38;2;58;137;231m█[38;2;56;134;230m█[38;2;54;131;229m█[38;2;52;128;228m╔[38;2;50;125;227m╝[38;2;48;122;226m [38;2;46;119;225m [38;2;43;115;224m [38;2;42;113;223m█[38;2;40;110;222m█[38;2;38;107;220m║[38;2;36;104;219m [38;2;34;101;218m [38;2;32;97;217m [38;2;30;95;216m█[38;2;28;92;215m█[38;2;26;89;214m█[38;2;24;86;213m█[38;2;22;83;212m█[38;2;20;80;211m█[38;2;18;77;209m█[38;2;16;74;208m╗[38;2;14;71;207m█[38;2;12;68;206m█[38;2;10;65;205m█[38;2;8;62;204m█[38;2;6;59;203m█[38;2;4;56;202m█[38;2;2;53;201m█[38;2;0;50;200m╗[0m
[38;2;100;200;255m╚[38;2;98;197;253m═[38;2;96;194;252m╝[38;2;94;191;251m [38;2;92;188;250m [38;2;90;185;249m╚[38;2;88;182;248m═[38;2;86;179;247m╝[38;2;84;176;246m [38;2;82;173;245m╚[38;2;80;170;244m═[38;2;78;167;242m═[38;2;76;164;241m═[38;2;74;161;240m═[38;2;72;158;239m═[38;2;70;155;238m╝[38;2;68;152;237m [38;2;66;149;236m [38;2;64;146;235m╚[38;2;62;143;234m═[38;2;60;140;233m═[38;2;58;137;231m═[38;2;56;134;230m═[38;2;54;131;229m═[38;2;52;128;228m╝[38;2;50;125;227m [38;2;48;122;226m [38;2;46;119;225m [38;2;43;115;224m [38;2;42;113;223m╚[38;2;40;110;222m═[38;2;38;107;220m╝[38;2;36;104;219m [38;2;34;101;218m [38;2;32;97;217m [38;2;30;95;216m╚[38;2;28;92;215m═[38;2;26;89;214m═[38;2;24;86;213m═[38;2;22;83;212m═[38;2;20;80;211m═[38;2;18;77;209m═[38;2;16;74;208m╝[38;2;14;71;207m╚[38;2;12;68;206m═[38;2;10;65;205m═[38;2;8;62;204m═[38;2;6;59;203m═[38;2;4;56;202m═[38;2;2;53;201m═[38;2;0;50;200m╝[0m
[0m
[0m
[38;2;100;200;255m█[38;2;98;197;253m█[38;2;96;194;252m█[38;2;94;191;251m█[38;2;92;188;250m█[38;2;90;185;249m█[38;2;88;182;248m╗[38;2;86;179;247m [38;2;84;176;246m [38;2;82;173;245m█[38;2;80;170;244m█[38;2;78;167;242m█[38;2;76;164;241m█[38;2;74;161;240m█[38;2;72;158;239m█[38;2;70;155;238m╗[38;2;68;152;237m [38;2;66;149;236m█[38;2;64;146;235m█[38;2;62;143;234m╗[38;2;60;140;233m [38;2;58;137;231m [38;2;56;134;230m [38;2;54;131;229m█[38;2;52;128;228m█[38;2;50;125;227m╗[38;2;48;122;226m█[38;2;46;119;225m█[38;2;43;115;224m█[38;2;42;113;223m█[38;2;40;110;222m█[38;2;38;107;220m█[38;2;36;104;219m█[38;2;34;101;218m█[38;2;32;97;217m╗[38;2;30;95;216m█[38;2;28;92;215m█[38;2;26;89;214m█[38;2;24;86;213m█[38;2;22;83;212m█[38;2;20;80;211m█[38;2;18;77;209m█[38;2;16;74;208m╗[38;2;14;71;207m█[38;2;12;68;206m█[38;2;10;65;205m╗[38;2;8;62;204m [38;2;6;59;203m [38;2;4;56;202m [38;2;2;53;201m [38;2;0;50;200m [0m
[38;2;100;200;255m█[38;2;98;197;253m█[38;2;96;194;252m╔[38;2;94;191;251m═[38;2;92;188;250m═[38;2;90;185;249m█[38;2;88;182;248m█[38;2;86;179;247m╗[38;2;84;176;246m█[38;2;82;173;245m█[38;2;80;170;244m╔[38;2;78;167;242m═[38;2;76;164;241m═[38;2;74;161;240m═[38;2;72;158;239m█[38;2;70;155;238m█[38;2;68;152;237m╗[38;2;66;149;236m█[38;2;64;146;235m█[38;2;62;143;234m║[38;2;60;140;233m [38;2;58;137;231m [38;2;56;134;230m [38;2;54;131;229m█[38;2;52;128;228m█[38;2;50;125;227m║[38;2;48;122;226m╚[38;2;46;119;225m═[38;2;43;115;224m═[38;2;42;113;223m█[38;2;40;110;222m█[38;2;38;107;220m╔[38;2;36;104;219m═[38;2;34;101;218m═[38;2;32;97;217m╝[38;2;30;95;216m█[38;2;28;92;215m█[38;2;26;89;214m╔[38;2;24;86;213m═[38;2;22;83;212m═[38;2;20;80;211m═[38;2;18;77;209m═[38;2;16;74;208m╝[38;2;14;71;207m█[38;2;12;68;206m█[38;2;10;65;205m║[38;2;8;62;204m [38;2;6;59;203m [38;2;4;56;202m [38;2;2;53;201m [38;2;0;50;200m [0m
[38;2;100;200;255m█[38;2;98;197;253m█[38;2;96;194;252m█[38;2;94;191;251m█[38;2;92;188;250m█[38;2;90;185;249m█[38;2;88;182;248m╔[38;2;86;179;247m╝[38;2;84;176;246m█[38;2;82;173;245m█[38;2;80;170;244m║[38;2;78;167;242m [38;2;76;164;241m [38;2;74;161;240m [38;2;72;158;239m█[38;2;70;155;238m█[38;2;68;152;237m║[38;2;66;149;236m█[38;2;64;146;235m█[38;2;62;143;234m║[38;2;60;140;233m [38;2;58;137;231m [38;2;56;134;230m [38;2;54;131;229m█[38;2;52;128;228m█[38;2;50;125;227m║[38;2;48;122;226m [38;2;46;119;225m [38;2;43;115;224m [38;2;42;113;223m█[38;2;40;110;222m█[38;2;38;107;220m║[38;2;36;104;219m [38;2;34;101;218m [38;2;32;97;217m [38;2;30;95;216m█[38;2;28;92;215m█[38;2;26;89;214m█[38;2;24;86;213m█[38;2;22;83;212m█[38;2;20;80;211m╗[38;2;18;77;209m [38;2;16;74;208m [38;2;14;71;207m█[38;2;12;68;206m█[38;2;10;65;205m║[38;2;8;62;204m [38;2;6;59;203m [38;2;4;56;202m [38;2;2;53;201m [38;2;0;50;200m [0m
[38;2;100;200;255m█[38;2;98;197;253m█[38;2;96;194;252m╔[38;2;94;191;251m═[38;2;92;188;250m═[38;2;90;185;249m█[38;2;88;182;248m█[38;2;86;179;247m╗[38;2;84;176;246m█[38;2;82;173;245m█[38;2;80;170;244m║[38;2;78;167;242m [38;2;76;164;241m [38;2;74;161;240m [38;2;72;158;239m█[38;2;70;155;238m█[38;2;68;152;237m║[38;2;66;149;236m█[38;2;64;146;235m█[38;2;62;143;234m║[38;2;60;140;233m [38;2;58;137;231m [38;2;56;134;230m [38;2;54;131;229m█[38;2;52;128;228m█[38;2;50;125;227m║[38;2;48;122;226m [38;2;46;119;225m [38;2;43;115;224m [38;2;42;113;223m█[38;2;40;110;222m█[38;2;38;107;220m║[38;2;36;104;219m [38;2;34;101;218m [38;2;32;97;217m [38;2;30;95;216m█[38;2;28;92;215m█[38;2;26;89;214m╔[38;2;24;86;213m═[38;2;22;83;212m═[38;2;20;80;211m╝[38;2;18;77;209m [38;2;16;74;208m [38;2;14;71;207m█[38;2;12;68;206m█[38;2;10;65;205m║[38;2;8;62;204m [38;2;6;59;203m [38;2;4;56;202m [38;2;2;53;201m [38;2;0;50;200m [0m
[38;2;100;200;255m█[38;2;98;197;253m█[38;2;96;194;252m║[38;2;94;191;251m [38;2;92;188;250m [38;2;90;185;249m█[38;2;88;182;248m█[38;2;86;179;247m║[38;2;84;176;246m╚[38;2;82;173;245m█[38;2;80;170;244m█[38;2;78;167;242m█[38;2;76;164;241m█[38;2;74;161;240m█[38;2;72;158;239m█[38;2;70;155;238m╔[38;2;68;152;237m╝[38;2;66;149;236m╚[38;2;64;146;235m█[38;2;62;143;234m█[38;2;60;140;233m█[38;2;58;137;231m█[38;2;56;134;230m█[38;2;54;131;229m█[38;2;52;128;228m╔[38;2;50;125;227m╝[38;2;48;122;226m [38;2;46;119;225m [38;2;43;115;224m [38;2;42;113;223m█[38;2;40;110;222m█[38;2;38;107;220m║[38;2;36;104;219m [38;2;34;101;218m [38;2;32;97;217m [38;2;30;95;216m█[38;2;28;92;215m█[38;2;26;89;214m█[38;2;24;86;213m█[38;2;22;83;212m█[38;2;20;80;211m█[38;2;18;77;209m█[38;2;16;74;208m╗[38;2;14;71;207m█[38;2;12;68;206m█[38;2;10;65;205m█[38;2;8;62;204m█[38;2;6;59;203m█[38;2;4;56;202m█[38;2;2;53;201m█[38;2;0;50;200m╗[0m
[38;2;100;200;255m╚[38;2;98;197;253m═[38;2;96;194;252m╝[38;2;94;191;251m [38;2;92;188;250m [38;2;90;185;249m╚[38;2;88;182;248m═[38;2;86;179;247m╝[38;2;84;176;246m [38;2;82;173;245m╚[38;2;80;170;244m═[38;2;78;167;242m═[38;2;76;164;241m═[38;2;74;161;240m═[38;2;72;158;239m═[38;2;70;155;238m╝[38;2;68;152;237m [38;2;66;149;236m [38;2;64;146;235m╚[38;2;62;143;234m═[38;2;60;140;233m═[38;2;58;137;231m═[38;2;56;134;230m═[38;2;54;131;229m═[38;2;52;128;228m╝[38;2;50;125;227m [38;2;48;122;226m [38;2;46;119;225m [38;2;43;115;224m [38;2;42;113;223m╚[38;2;40;110;222m═[38;2;38;107;220m╝[38;2;36;104;219m [38;2;34;101;218m [38;2;32;97;217m [38;2;30;95;216m╚[38;2;28;92;215m═[38;2;26;89;214m═[38;2;24;86;213m═[38;2;22;83;212m═[38;2;20;80;211m═[38;2;18;77;209m═[38;2;16;74;208m╝[38;2;14;71;207m╚[38;2;12;68;206m═[38;2;10;65;205m═[38;2;8;62;204m═[38;2;6;59;203m═[38;2;4;56;202m═[38;2;2;53;201m═[38;2;0;50;200m╝[0m
[0m
[38;2;100;200;255m█[38;2;98;197;253m█[38;2;96;194;252m█[38;2;94;191;251m█[38;2;92;188;250m█[38;2;90;185;249m█[38;2;88;182;248m╗[38;2;86;179;247m [38;2;84;176;246m [38;2;82;173;245m█[38;2;80;170;244m█[38;2;78;167;242m█[38;2;76;164;241m█[38;2;74;161;240m█[38;2;72;158;239m█[38;2;70;155;238m╗[38;2;68;152;237m [38;2;66;149;236m█[38;2;64;146;235m█[38;2;62;143;234m╗[38;2;60;140;233m [38;2;58;137;231m [38;2;56;134;230m [38;2;54;131;229m█[38;2;52;128;228m█[38;2;50;125;227m╗[38;2;48;122;226m█[38;2;46;119;225m█[38;2;43;115;224m█[38;2;42;113;223m█[38;2;40;110;222m█[38;2;38;107;220m█[38;2;36;104;219m█[38;2;34;101;218m█[38;2;32;97;217m╗[38;2;30;95;216m█[38;2;28;92;215m█[38;2;26;89;214m█[38;2;24;86;213m█[38;2;22;83;212m█[38;2;20;80;211m█[38;2;18;77;209m█[38;2;16;74;208m╗[38;2;14;71;207m█[38;2;12;68;206m█[38;2;10;65;205m╗[38;2;8;62;204m [38;2;6;59;203m [38;2;4;56;202m [38;2;2;53;201m [38;2;0;50;200m [0m
[38;2;100;200;255m█[38;2;98;197;253m█[38;2;96;194;252m╔[38;2;94;191;251m═[38;2;92;188;250m═[38;2;90;185;249m█[38;2;88;182;248m█[38;2;86;179;247m╗[38;2;84;176;246m█[38;2;82;173;245m█[38;2;80;170;244m╔[38;2;78;167;242m═[38;2;76;164;241m═[38;2;74;161;240m═[38;2;72;158;239m█[38;2;70;155;238m█[38;2;68;152;237m╗[38;2;66;149;236m█[38;2;64;146;235m█[38;2;62;143;234m║[38;2;60;140;233m [38;2;58;137;231m [38;2;56;134;230m [38;2;54;131;229m█[38;2;52;128;228m█[38;2;50;125;227m║[38;2;48;122;226m╚[38;2;46;119;225m═[38;2;43;115;224m═[38;2;42;113;223m█[38;2;40;110;222m█[38;2;38;107;220m╔[38;2;36;104;219m═[38;2;34;101;218m═[38;2;32;97;217m╝[38;2;30;95;216m█[38;2;28;92;215m█[38;2;26;89;214m╔[38;2;24;86;213m═[38;2;22;83;212m═[38;2;20;80;211m═[38;2;18;77;209m═[38;2;16;74;208m╝[38;2;14;71;207m█[38;2;12;68;206m█[38;2;10;65;205m║[38;2;8;62;204m [38;2;6;59;203m [38;2;4;56;202m [38;2;2;53;201m [38;2;0;50;200m [0m
[38;2;100;200;255m█[38;2;98;197;253m█[38;2;96;194;252m█[38;2;94;191;251m█[38;2;92;188;250m█[38;2;90;185;249m█[38;2;88;182;248m╔[38;2;86;179;247m╝[38;2;84;176;246m█[38;2;82;173;245m█[38;2;80;170;244m║[38;2;78;167;242m [38;2;76;164;241m [38;2;74;161;240m [38;2;72;158;239m█[38;2;70;155;238m█[38;2;68;152;237m║[38;2;66;149;236m█[38;2;64;146;235m█[38;2;62;143;234m║[38;2;60;140;233m [38;2;58;137;231m [38;2;56;134;230m [38;2;54;131;229m█[38;2;52;128;228m█[38;2;50;125;227m║[38;2;48;122;226m [38;2;46;119;225m [38;2;43;115;224m [38;2;42;113;223m█[38;2;40;110;222m█[38;2;38;107;220m║[38;2;36;104;219m [38;2;34;101;218m [38;2;32;97;217m [38;2;30;95;216m█[38;2;28;92;215m█[38;2;26;89;214m█[38;2;24;86;213m█[38;2;22;83;212m█[38;2;20;80;211m╗[38;2;18;77;209m [38;2;16;74;208m [38;2;14;71;207m█[38;2;12;68;206m█[38;2;10;65;205m║[38;2;8;62;204m [38;2;6;59;203m [38;2;4;56;202m [38;2;2;53;201m [38;2;0;50;200m [0m
[38;2;100;200;255m█[38;2;98;197;253m█[38;2;96;194;252m╔[38;2;94;191;251m═[38;2;92;188;250m═[38;2;90;185;249m█[38;2;88;182;248m█[38;2;86;179;247m╗[38;2;84;176;246m█[38;2;82;173;245m█[38;2;80;170;244m║[38;2;78;167;242m [38;2;76;164;241m [38;2;74;161;240m [38;2;72;158;239m█[38;2;70;155;238m█[38;2;68;152;237m║[38;2;66;149;236m█[38;2;64;146;235m█[38;2;62;143;234m║[38;2;60;140;233m [38;2;58;137;231m [38;2;56;134;230m [38;2;54;131;229m█[38;2;52;128;228m█[38;2;50;125;227m║[38;2;48;122;226m [38;2;46;119;225m [38;2;43;115;224m [38;2;42;113;223m█[38;2;40;110;222m█[38;2;38;107;220m║[38;2;36;104;219m [38;2;34;101;218m [38;2;32;97;217m [38;2;30;95;216m█[38;2;28;92;215m█[38;2;26;89;214m╔[38;2;24;86;213m═[38;2;22;83;212m═[38;2;20;80;211m╝[38;2;18;77;209m [38;2;16;74;208m [38;2;14;71;207m█[38;2;12;68;206m█[38;2;10;65;205m║[38;2;8;62;204m [38;2;6;59;203m [38;2;4;56;202m [38;2;2;53;201m [38;2;0;50;200m [0m
[38;2;100;200;255m█[38;2;98;197;253m█[38;2;96;194;252m║[38;2;94;191;251m [38;2;92;188;250m [38;2;90;185;249m█[38;2;88;182;248m█[38;2;86;179;247m║[38;2;84;176;246m╚[38;2;82;173;245m█[38;2;80;170;244m█[38;2;78;167;242m█[38;2;76;164;241m█[38;2;74;161;240m█[38;2;72;158;239m█[38;2;70;155;238m╔[38;2;68;152;237m╝[38;2;66;149;236m╚[38;2;64;146;235m█[38;2;62;143;234m█[38;2;60;140;233m█[38;2;58;137;231m█[38;2;56;134;230m█[38;2;54;131;229m█[38;2;52;128;228m╔[38;2;50;125;227m╝[38;2;48;122;226m [38;2;46;119;225m [38;2;43;115;224m [38;2;42;113;223m█[38;2;40;110;222m█[38;2;38;107;220m║[38;2;36;104;219m [38;2;34;101;218m [38;2;32;97;217m [38;2;30;95;216m█[38;2;28;92;215m█[38;2;26;89;214m█[38;2;24;86;213m█[38;2;22;83;212m█[38;2;20;80;211m█[38;2;18;77;209m█[38;2;16;74;208m╗[38;2;14;71;207m█[38;2;12;68;206m█[38;2;10;65;205m█[38;2;8;62;204m█[38;2;6;59;203m█[38;2;4;56;202m█[38;2;2;53;201m█[38;2;0;50;200m╗[0m
[38;2;100;200;255m╚[38;2;98;197;253m═[38;2;96;194;252m╝[38;2;94;191;251m [38;2;92;188;250m [38;2;90;185;249m╚[38;2;88;182;248m═[38;2;86;179;247m╝[38;2;84;176;246m [38;2;82;173;245m╚[38;2;80;170;244m═[38;2;78;167;242m═[38;2;76;164;241m═[38;2;74;161;240m═[38;2;72;158;239m═[38;2;70;155;238m╝[38;2;68;152;237m [38;2;66;149;236m [38;2;64;146;235m╚[38;2;62;143;234m═[38;2;60;140;233m═[38;2;58;137;231m═[38;2;56;134;230m═[38;2;54;131;229m═[38;2;52;128;228m╝[38;2;50;125;227m [38;2;48;122;226m [38;2;46;119;225m [38;2;43;115;224m [38;2;42;113;223m╚[38;2;40;110;222m═[38;2;38;107;220m╝[38;2;36;104;219m [38;2;34;101;218m [38;2;32;97;217m [38;2;30;95;216m╚[38;2;28;92;215m═[38;2;26;89;214m═[38;2;24;86;213m═[38;2;22;83;212m═[38;2;20;80;211m═[38;2;18;77;209m═[38;2;16;74;208m╝[38;2;14;71;207m╚[38;2;12;68;206m═[38;2;10;65;205m═[38;2;8;62;204m═[38;2;6;59;203m═[38;2;4;56;202m═[38;2;2;53;201m═[38;2;0;50;200m╝[0m
[0m
