[38;2;100;200;255m [38;2;97;196;253m [38;2;95;193;252m [38;2;93;189;251m [38;2;90;186;249m [38;2;88;182;248m [38;2;86;179;247m [38;2;83;175;246m [38;2;81;172;244m [38;2;79;168;243m [38;2;76;165;242m [38;2;74;161;240m [38;2;72;158;239m [38;2;69;154;238m [38;2;67;151;237m [38;2;65;147;235m [38;2;62;144;234m [38;2;60;140;233m [38;2;58;137;231m [38;2;55;133;230m [38;2;53;130;229m [38;2;51;126;228m [38;2;48;123;226m:[38;2;46;119;225m:[38;2;44;116;224m:[38;2;41;112;223m![38;2;39;109;221m~[38;2;37;105;220m![38;2;34;102;219m![38;2;32;98;217m![38;2;30;95;216m![38;2;27;91;215m![38;2;25;88;214m:[38;2;23;84;212m.[0m
[38;2;100;200;255m [38;2;97;196;253m [38;2;95;193;252m [38;2;93;189;251m [38;2;90;186;249m [38;2;88;182;248m [38;2;86;179;247m [38;2;83;175;246m [38;2;81;172;244m [38;2;79;168;243m [38;2;76;165;242m [38;2;74;161;240m [38;2;72;158;239m [38;2;69;154;238m [38;2;67;151;237m [38;2;65;147;235m [38;2;62;144;234m [38;2;60;140;233m [38;2;58;137;231m.[38;2;55;133;230mx[38;2;53;130;229mU[38;2;51;126;228mH[38;2;48;123;226mW[38;2;46;119;225mH[38;2;44;116;224m![38;2;41;112;223m![38;2;39;109;221m [38;2;37;105;220m![38;2;34;102;219m![38;2;32;98;217m?[38;2;30;95;216mM[38;2;27;91;215m8[38;2;25;88;214m8[38;2;23;84;212mW[38;2;20;81;211mH[38;2;18;77;210mX[38;2;16;74;208m:[38;2;13;70;207m.[0m
[38;2;100;200;255m [38;2;97;196;253m [38;2;95;193;252m [38;2;93;189;251m [38;2;90;186;249m [38;2;88;182;248m [38;2;86;179;247m [38;2;83;175;246m [38;2;81;172;244m [38;2;79;168;243m [38;2;76;165;242m [38;2;74;161;240m [38;2;72;158;239m [38;2;69;154;238m [38;2;67;151;237m [38;2;65;147;235m [38;2;62;144;234m.[38;2;60;140;233mX[38;2;58;137;231m*[38;2;55;133;230m#[38;2;53;130;229mM[38;2;51;126;228m@[38;2;48;123;226m$[38;2;46;119;225m![38;2;44;116;224m![38;2;41;112;223m [38;2;39;109;221m [38;2;37;105;220m![38;2;34;102;219mX[38;2;32;98;217m![38;2;30;95;216mM[38;2;27;91;215m$[38;2;25;88;214m$[38;2;23;84;212m$[38;2;20;81;211m$[38;2;18;77;210m$[38;2;16;74;208m$[38;2;13;70;207mW[38;2;11;67;206mW[38;2;9;63;205mx[38;2;6;60;203m:[38;2;4;56;202m.[0m
[38;2;100;200;255m [38;2;97;196;253m [38;2;95;193;252m [38;2;93;189;251m [38;2;90;186;249m [38;2;88;182;248m [38;2;86;179;247m [38;2;83;175;246m [38;2;81;172;244m [38;2;79;168;243m [38;2;76;165;242m [38;2;74;161;240m [38;2;72;158;239m [38;2;69;154;238m [38;2;67;151;237m [38;2;65;147;235m:[38;2;62;144;234m![38;2;60;140;233m![38;2;58;137;231m![38;2;55;133;230m![38;2;53;130;229m![38;2;51;126;228m![38;2;48;123;226m?[38;2;46;119;225mH[38;2;44;116;224m![38;2;41;112;223m [38;2;39;109;221m:[38;2;37;105;220m![38;2;34;102;219m$[38;2;32;98;217m![38;2;30;95;216m$[38;2;27;91;215m$[38;2;25;88;214m$[38;2;23;84;212m$[38;2;20;81;211m$[38;2;18;77;210m$[38;2;16;74;208m$[38;2;13;70;207m$[38;2;11;67;206m$[38;2;9;63;205m$[38;2;6;60;203m8[38;2;4;56;202mX[38;2;2;53;201m:[0m
[38;2;100;200;255m [38;2;97;196;253m [38;2;95;193;252m [38;2;93;189;251m [38;2;90;186;249m [38;2;88;182;248m [38;2;86;179;247m [38;2;83;175;246m [38;2;81;172;244m [38;2;79;168;243m [38;2;76;165;242m [38;2;74;161;240m [38;2;72;158;239m [38;2;69;154;238m [38;2;67;151;237m![38;2;65;147;235m![38;2;62;144;234m~[38;2;60;140;233m [38;2;58;137;231m [38;2;55;133;230m~[38;2;53;130;229m:[38;2;51;126;228m~[38;2;48;123;226m![38;2;46;119;225m![38;2;44;116;224m [38;2;41;112;223m:[38;2;39;109;221m~[38;2;37;105;220m![38;2;34;102;219m$[38;2;32;98;217m![38;2;30;95;216m#[38;2;27;91;215m$[38;2;25;88;214m$[38;2;23;84;212m$[38;2;20;81;211m$[38;2;18;77;210m$[38;2;16;74;208m$[38;2;13;70;207m$[38;2;11;67;206m$[38;2;9;63;205m$[38;2;6;60;203m$[38;2;4;56;202m8[38;2;2;53;201mX[38;2;0;50;200m:[0m
[38;2;100;200;255m [38;2;97;196;253m [38;2;95;193;252m [38;2;93;189;251m [38;2;90;186;249m [38;2;88;182;248m [38;2;86;179;247m [38;2;83;175;246m [38;2;81;172;244m [38;2;79;168;243m [38;2;76;165;242m [38;2;74;161;240m [38;2;72;158;239m [38;2;69;154;238m:[38;2;67;151;237m![38;2;65;147;235m~[38;2;62;144;234m:[38;2;60;140;233m:[38;2;58;137;231m![38;2;55;133;230mH[38;2;53;130;229m![38;2;51;126;228m<[38;2;48;123;226m [38;2;46;119;225m [38;2;44;116;224m [38;2;41;112;223m~[38;2;39;109;221m.[38;2;37;105;220mU[38;2;34;102;219m$[38;2;32;98;217mX[38;2;30;95;216m![38;2;27;91;215m?[38;2;25;88;214mR[38;2;23;84;212m$[38;2;20;81;211m$[38;2;18;77;210m$[38;2;16;74;208m$[38;2;13;70;207m$[38;2;11;67;206m$[38;2;9;63;205m$[38;2;6;60;203m$[38;2;4;56;202mM[38;2;2;53;201mM[38;2;0;50;200m![0m
[38;2;100;200;255m [38;2;97;196;253m [38;2;95;193;252m [38;2;93;189;251m [38;2;90;186;249m [38;2;88;182;248m [38;2;86;179;247m [38;2;83;175;246m [38;2;81;172;244m [38;2;79;168;243m [38;2;76;165;242m [38;2;74;161;240m [38;2;72;158;239m [38;2;69;154;238m~[38;2;67;151;237m![38;2;65;147;235m~[38;2;62;144;234m![38;2;60;140;233m![38;2;58;137;231m![38;2;55;133;230m![38;2;53;130;229m~[38;2;51;126;228m~[38;2;48;123;226m [38;2;46;119;225m.[38;2;44;116;224m:[38;2;41;112;223mX[38;2;39;109;221mW[38;2;37;105;220m$[38;2;34;102;219m$[38;2;32;98;217m$[38;2;30;95;216mU[38;2;27;91;215m![38;2;25;88;214m![38;2;23;84;212m?[38;2;20;81;211m$[38;2;18;77;210m$[38;2;16;74;208m$[38;2;13;70;207m$[38;2;11;67;206m$[38;2;9;63;205m$[38;2;6;60;203mR[38;2;4;56;202mM[38;2;2;53;201mM[38;2;0;50;200m![0m
[38;2;100;200;255m [38;2;97;196;253m [38;2;95;193;252m [38;2;93;189;251m [38;2;90;186;249m [38;2;88;182;248m [38;2;86;179;247m [38;2;83;175;246m [38;2;81;172;244m [38;2;79;168;243m [38;2;76;165;242m [38;2;74;161;240m [38;2;72;158;239m [38;2;69;154;238m [38;2;67;151;237m [38;2;65;147;235m![38;2;62;144;234m:[38;2;60;140;233m~[38;2;58;137;231m~[38;2;55;133;230m~[38;2;53;130;229m [38;2;51;126;228m.[38;2;48;123;226m:[38;2;46;119;225m![38;2;44;116;224mM[38;2;41;112;223m"[38;2;39;109;221mT[38;2;37;105;220m#[38;2;34;102;219m$[38;2;32;98;217m$[38;2;30;95;216m$[38;2;27;91;215m$[38;2;25;88;214mW[38;2;23;84;212mX[38;2;20;81;211m?[38;2;18;77;210m?[38;2;16;74;208m#[38;2;13;70;207mM[38;2;11;67;206mR[38;2;9;63;205mR[38;2;6;60;203mM[38;2;4;56;202mM[38;2;2;53;201mM[38;2;0;50;200m![0m
[38;2;100;200;255m [38;2;97;196;253m [38;2;95;193;252m [38;2;93;189;251m [38;2;90;186;249m [38;2;88;182;248m [38;2;86;179;247m [38;2;83;175;246m [38;2;81;172;244m [38;2;79;168;243m [38;2;76;165;242m [38;2;74;161;240m [38;2;72;158;239m [38;2;69;154;238m [38;2;67;151;237m [38;2;65;147;235m~[38;2;62;144;234m?[38;2;60;140;233mW[38;2;58;137;231mu[38;2;55;133;230mx[38;2;53;130;229mi[38;2;51;126;228mW[38;2;48;123;226m*[38;2;46;119;225m`[38;2;44;116;224m [38;2;41;112;223m [38;2;39;109;221m [38;2;37;105;220m`[38;2;34;102;219m"[38;2;32;98;217m#[38;2;30;95;216m$[38;2;27;91;215m$[38;2;25;88;214m$[38;2;23;84;212m$[38;2;20;81;211m8[38;2;18;77;210m![38;2;16;74;208m![38;2;13;70;207m![38;2;11;67;206m![38;2;9;63;205m?[38;2;6;60;203m?[38;2;4;56;202m![38;2;2;53;201m![38;2;0;50;200m![0m
[38;2;100;200;255m [38;2;97;196;253m [38;2;95;193;252m [38;2;93;189;251m [38;2;90;186;249m [38;2;88;182;248m [38;2;86;179;247m [38;2;83;175;246m [38;2;81;172;244m [38;2;79;168;243m [38;2;76;165;242m [38;2;74;161;240m [38;2;72;158;239m [38;2;69;154;238m:[38;2;67;151;237mX[38;2;65;147;235m-[38;2;62;144;234m [38;2;60;140;233mM[38;2;58;137;231m$[38;2;55;133;230m$[38;2;53;130;229m$[38;2;51;126;228m$[38;2;48;123;226m [38;2;46;119;225m [38;2;44;116;224m [38;2;41;112;223m [38;2;39;109;221m [38;2;37;105;220m [38;2;34;102;219m [38;2;32;98;217m`[38;2;30;95;216m"[38;2;27;91;215mT[38;2;25;88;214m#[38;2;23;84;212m$[38;2;20;81;211mT[38;2;18;77;210m~[38;2;16;74;208m![38;2;13;70;207m8[38;2;11;67;206m$[38;2;9;63;205mW[38;2;6;60;203mU[38;2;4;56;202mX[38;2;2;53;201mU[38;2;0;50;200m~[0m
[38;2;100;200;255m [38;2;97;196;253m [38;2;95;193;252m [38;2;93;189;251m [38;2;90;186;249m [38;2;88;182;248m [38;2;86;179;247m [38;2;83;175;246m [38;2;81;172;244m [38;2;79;168;243m [38;2;76;165;242m [38;2;74;161;240m [38;2;72;158;239m:[38;2;69;154;238m%[38;2;67;151;237m`[38;2;65;147;235m [38;2;62;144;234m [38;2;60;140;233m~[38;2;58;137;231m#[38;2;55;133;230m$[38;2;53;130;229m$[38;2;51;126;228m$[38;2;48;123;226mm[38;2;46;119;225m:[38;2;44;116;224m [38;2;41;112;223m [38;2;39;109;221m [38;2;37;105;220m [38;2;34;102;219m [38;2;32;98;217m [38;2;30;95;216m [38;2;27;91;215m [38;2;25;88;214m~[38;2;23;84;212m![38;2;20;81;211m~[38;2;18;77;210m [38;2;16;74;208m?[38;2;13;70;207m$[38;2;11;67;206m$[38;2;9;63;205m$[38;2;6;60;203m$[38;2;4;56;202m$[38;2;2;53;201m$[0m
[38;2;100;200;255m [38;2;97;196;253m [38;2;95;193;252m [38;2;93;189;251m [38;2;90;186;249m [38;2;88;182;248m [38;2;86;179;247m [38;2;83;175;246m [38;2;81;172;244m [38;2;79;168;243m [38;2;76;165;242m:[38;2;74;161;240m![38;2;72;158;239m`[38;2;69;154;238m.[38;2;67;151;237m-[38;2;65;147;235m [38;2;62;144;234m [38;2;60;140;233m [38;2;58;137;231m~[38;2;55;133;230mT[38;2;53;130;229m$[38;2;51;126;228m$[38;2;48;123;226m$[38;2;46;119;225m$[38;2;44;116;224m8[38;2;41;112;223mx[38;2;39;109;221mx[38;2;37;105;220m.[38;2;34;102;219m [38;2;32;98;217m [38;2;30;95;216m.[38;2;27;91;215mx[38;2;25;88;214mW[38;2;23;84;212mW[38;2;20;81;211m-[38;2;18;77;210m [38;2;16;74;208m~[38;2;13;70;207m"[38;2;11;67;206m"[38;2;9;63;205m#[38;2;6;60;203m#[38;2;4;56;202m*[38;2;2;53;201m"[0m
[38;2;100;200;255m.[38;2;97;196;253m.[38;2;95;193;252m.[38;2;93;189;251m.[38;2;90;186;249m.[38;2;88;182;248m [38;2;86;179;247m [38;2;83;175;246m [38;2;81;172;244m-[38;2;79;168;243m~[38;2;76;165;242m~[38;2;74;161;240m:[38;2;72;158;239m<[38;2;69;154;238m`[38;2;67;151;237m [38;2;65;147;235m![38;2;62;144;234m [38;2;60;140;233m [38;2;58;137;231m [38;2;55;133;230m [38;2;53;130;229m~[38;2;51;126;228m?[38;2;48;123;226mT[38;2;46;119;225m#[38;2;44;116;224m$[38;2;41;112;223m$[38;2;39;109;221m@[38;2;37;105;220m@[38;2;34;102;219mW[38;2;32;98;217m@[38;2;30;95;216m*[38;2;27;91;215m?[38;2;25;88;214m$[38;2;23;84;212m$[38;2;20;81;211m [38;2;18;77;210m [38;2;16;74;208m [38;2;13;70;207m [38;2;11;67;206m [38;2;9;63;205m [38;2;6;60;203m/[38;2;4;56;202m`[0m
[38;2;100;200;255mW[38;2;97;196;253m$[38;2;95;193;252m@[38;2;93;189;251m@[38;2;90;186;249mM[38;2;88;182;248m![38;2;86;179;247m![38;2;83;175;246m![38;2;81;172;244m [38;2;79;168;243m.[38;2;76;165;242m![38;2;74;161;240m~[38;2;72;158;239m~[38;2;69;154;238m [38;2;67;151;237m![38;2;65;147;235m![38;2;62;144;234m [38;2;60;140;233m [38;2;58;137;231m [38;2;55;133;230m [38;2;53;130;229m [38;2;51;126;228m.[38;2;48;123;226m:[38;2;46;119;225mX[38;2;44;116;224mU[38;2;41;112;223mW[38;2;39;109;221m$[38;2;37;105;220mW[38;2;34;102;219m![38;2;32;98;217m~[38;2;30;95;216m [38;2;27;91;215m`[38;2;25;88;214m"[38;2;23;84;212m~[38;2;20;81;211m:[38;2;18;77;210m [38;2;16;74;208m [38;2;13;70;207m [38;2;11;67;206m [38;2;9;63;205m:[0m
[38;2;100;200;255m#[38;2;97;196;253m"[38;2;95;193;252m~[38;2;93;189;251m~[38;2;90;186;249m`[38;2;88;182;248m.[38;2;86;179;247m:[38;2;83;175;246mx[38;2;81;172;244m%[38;2;79;168;243m`[38;2;76;165;242m![38;2;74;161;240m![38;2;72;158;239m [38;2;69;154;238m [38;2;67;151;237m![38;2;65;147;235mH[38;2;62;144;234m:[38;2;60;140;233m [38;2;58;137;231m [38;2;55;133;230m [38;2;53;130;229m![38;2;51;126;228mW[38;2;48;123;226mM[38;2;46;119;225m$[38;2;44;116;224m$[38;2;41;112;223m$[38;2;39;109;221m$[38;2;37;105;220mT[38;2;34;102;219mi[38;2;32;98;217m.[38;2;30;95;216m:[38;2;27;91;215m [38;2;25;88;214m.[38;2;23;84;212m![38;2;20;81;211mW[38;2;18;77;210mU[38;2;16;74;208mn[38;2;13;70;207m+[38;2;11;67;206m![38;2;9;63;205m`[0m
[38;2;100;200;255m:[38;2;97;196;253m:[38;2;95;193;252m:[38;2;93;189;251m~[38;2;90;186;249m:[38;2;88;182;248m![38;2;86;179;247m![38;2;83;175;246m`[38;2;81;172;244m:[38;2;79;168;243mX[38;2;76;165;242m~[38;2;74;161;240m [38;2;72;158;239m.[38;2;69;154;238m:[38;2;67;151;237m [38;2;65;147;235m?[38;2;62;144;234mH[38;2;60;140;233m.[38;2;58;137;231m![38;2;55;133;230mu[38;2;53;130;229m [38;2;51;126;228m"[38;2;48;123;226m$[38;2;46;119;225m$[38;2;44;116;224m$[38;2;41;112;223mB[38;2;39;109;221m$[38;2;37;105;220m$[38;2;34;102;219m$[38;2;32;98;217m![38;2;30;95;216mW[38;2;27;91;215m:[38;2;25;88;214mU[38;2;23;84;212m![38;2;20;81;211mT[38;2;18;77;210m$[38;2;16;74;208m$[38;2;13;70;207mM[38;2;11;67;206m~[0m
[38;2;100;200;255m.[38;2;97;196;253m~[38;2;95;193;252m~[38;2;93;189;251m [38;2;90;186;249m [38;2;88;182;248m [38;2;86;179;247m:[38;2;83;175;246mX[38;2;81;172;244m@[38;2;79;168;243m![38;2;76;165;242m.[38;2;74;161;240m-[38;2;72;158;239m~[38;2;69;154;238m [38;2;67;151;237m [38;2;65;147;235m [38;2;62;144;234m?[38;2;60;140;233m@[38;2;58;137;231mW[38;2;55;133;230mT[38;2;53;130;229mW[38;2;51;126;228mo[38;2;48;123;226m([38;2;46;119;225m"[38;2;44;116;224m*[38;2;41;112;223m$[38;2;39;109;221m$[38;2;37;105;220m$[38;2;34;102;219mW[38;2;32;98;217m$[38;2;30;95;216mT[38;2;27;91;215mH[38;2;25;88;214m$[38;2;23;84;212m![38;2;20;81;211m [38;2;18;77;210m`[0m
[38;2;100;200;255mW[38;2;97;196;253mi[38;2;95;193;252m.[38;2;93;189;251m~[38;2;90;186;249m![38;2;88;182;248mX[38;2;86;179;247m$[38;2;83;175;246m?[38;2;81;172;244m![38;2;79;168;243m-[38;2;76;165;242m~[38;2;74;161;240m [38;2;72;158;239m [38;2;69;154;238m [38;2;67;151;237m [38;2;65;147;235m:[38;2;62;144;234m [38;2;60;140;233m?[38;2;58;137;231m$[38;2;55;133;230m$[38;2;53;130;229m$[38;2;51;126;228mB[38;2;48;123;226m$[38;2;46;119;225mW[38;2;44;116;224mu[38;2;41;112;223m([38;2;39;109;221m"[38;2;37;105;220m*[38;2;34;102;219m*[38;2;32;98;217m$[38;2;30;95;216mR[38;2;27;91;215mM[38;2;25;88;214m![0m
[38;2;100;200;255m$[38;2;97;196;253mR[38;2;95;193;252m@[38;2;93;189;251mi[38;2;90;186;249m.[38;2;88;182;248m~[38;2;86;179;247m~[38;2;83;175;246m [38;2;81;172;244m![38;2;79;168;243m [38;2;76;165;242m [38;2;74;161;240m [38;2;72;158;239m [38;2;69;154;238m [38;2;67;151;237m:[38;2;65;147;235m [38;2;62;144;234m [38;2;60;140;233m [38;2;58;137;231m~[38;2;55;133;230m$[38;2;53;130;229m$[38;2;51;126;228m$[38;2;48;123;226m$[38;2;46;119;225m$[38;2;44;116;224mB[38;2;41;112;223m$[38;2;39;109;221m$[38;2;37;105;220me[38;2;34;102;219mn[38;2;32;98;217m:[38;2;30;95;216m`[38;2;27;91;215m`[0m
[38;2;100;200;255m?[38;2;97;196;253mM[38;2;95;193;252mX[38;2;93;189;251mT[38;2;90;186;249m@[38;2;88;182;248mW[38;2;86;179;247mx[38;2;83;175;246m.[38;2;81;172;244m~[38;2;79;168;243m [38;2;76;165;242m [38;2;74;161;240m [38;2;72;158;239m [38;2;69;154;238m:[38;2;67;151;237m [38;2;65;147;235m [38;2;62;144;234m [38;2;60;140;233m [38;2;58;137;231m [38;2;55;133;230m~[38;2;53;130;229m"[38;2;51;126;228m#[38;2;48;123;226m#[38;2;46;119;225m*[38;2;44;116;224m$[38;2;41;112;223m$[38;2;39;109;221m$[38;2;37;105;220m$[38;2;34;102;219mM[38;2;32;98;217m~[0m
